#Loyaute
#Tiga 77062
#WGS 1984 EPSG:3857
#Source  OpenStreetMap 
#clockwise
18680207.691721,-2401969.276533
18680233.940857,-2401968.369799
18680244.393757,-2401969.717969
18680250.672176,-2401973.893717
18680255.748345,-2401983.151950
18680261.570355,-2401994.653164
18680266.791239,-2402003.756309
18680270.219879,-2402009.948359
18680273.281165,-2402016.295511
18680276.197736,-2402018.836758
18680278.056771,-2402019.135027
18680281.118057,-2402017.417000
18680283.734065,-2402006.369139
18680286.650636,-2401997.337577
18680292.394722,-2401985.239826
18680294.487528,-2401982.853682
18680302.847622,-2401979.644320
18680309.192833,-2401979.047784
18680316.283884,-2401980.395955
18680321.582692,-2401983.748486
18680324.187568,-2401987.482801
18680327.482625,-2401994.867917
18680329.720147,-2401997.265993
18680337.401192,-2402000.475359
18680346.061848,-2402002.706405
18680350.614815,-2402005.915771
18680353.754025,-2402010.771580
18680355.690984,-2402022.272812
18680356.592672,-2402023.835739
18680359.197548,-2402024.062423
18680368.759892,-2402009.125138
18680377.565264,-2402003.756309
18680387.417039,-2401998.984018
18680394.285451,-2401998.077282
18680402.500830,-2402002.861504
18680405.183630,-2402010.771580
18680406.230033,-2402018.836758
18680409.658673,-2402023.609055
18680412.352605,-2402024.062423
18680416.972364,-2402021.676275
18680423.094936,-2402014.505900
18680430.564473,-2402010.330143
18680437.733449,-2402011.069848
18680443.254895,-2402017.786853
18680447.585224,-2402031.077702
18680452.505545,-2402035.850002
18680457.136436,-2402035.253464
18680461.611479,-2402031.375971
18680465.941808,-2402025.553766
18680473.110783,-2402021.222906
18680481.615592,-2402020.769538
18680491.767930,-2402018.979927
18680503.567796,-2402011.368116
18680510.135646,-2402008.528602
18680519.542142,-2402009.721675
18680532.377280,-2402014.505900
18680541.483214,-2402021.067807
18680545.668827,-2402025.696935
18680548.206911,-2402031.972508
18680552.236677,-2402037.043077
18680556.867568,-2402040.777403
18680563.580133,-2402043.461823
18680571.339102,-2402041.230772
18680580.600883,-2402037.198177
18680590.007380,-2402034.656927
18680595.384112,-2402035.408564
18680600.604996,-2402038.987790
18680604.790609,-2402049.140864
18680609.109805,-2402054.807977
18680614.185974,-2402060.487021
18680620.163830,-2402063.326545
18680623.748318,-2402063.767983
18680627.778083,-2402063.028275
18680635.392337,-2402057.349230
18680643.596583,-2402048.687496
18680652.413087,-2402043.760092
18680662.710140,-2402043.461823
18680672.862477,-2402045.859906
18680701.671961,-2402059.437114
18680731.082571,-2402073.921072
18680750.797253,-2402087.808502
18680792.297159,-2402109.749232
18680819.759677,-2402121.691968
18680830.813703,-2402123.481590
18680845.441084,-2402121.095428
18680855.893984,-2402122.288509
18680869.931372,-2402130.950279
18680878.580896,-2402144.682653
18680886.050434,-2402155.432330
18680907.245665,-2402165.585471
18680926.659784,-2402170.369738
18680940.686040,-2402173.054178
18680958.608478,-2402179.914414
18680963.083522,-2402188.134771
18680966.812725,-2402200.375831
18680969.050246,-2402209.180810
18680971.744178,-2402217.090978
18680975.473381,-2402222.471802
18680985.481003,-2402226.492508
18680995.176931,-2402225.001149
18681001.900628,-2402223.808061
18681012.943522,-2402222.471802
18681019.811934,-2402222.614973
18681026.980909,-2402226.647610
18681032.502356,-2402234.712887
18681037.578525,-2402246.059162
18681043.845812,-2402250.986622
18681051.170635,-2402253.969346
18681061.612403,-2402255.460709
18681069.527219,-2402254.112517
18681076.395631,-2402256.355526
18681079.534841,-2402260.984716
18681081.549724,-2402269.789725
18681081.549724,-2402274.574020
18681081.772363,-2402278.821425
18681080.124834,-2402282.782490
18681080.124834,-2402284.941986
18681081.393876,-2402287.411686
18681083.787245,-2402289.344496
18681088.785491,-2402289.869456
18681094.162222,-2402289.869456
18681098.414627,-2402289.499598
18681102.077038,-2402291.360822
18681104.759838,-2402295.620162
18681106.251519,-2402297.708074
18681108.121686,-2402298.829582
18681111.260896,-2402297.863176
18681118.196100,-2402295.990021
18681122.081150,-2402296.586567
18681128.125799,-2402302.039002
18681128.871639,-2402304.878563
18681127.379958,-2402308.231156
18681123.272269,-2402312.633671
18681122.303789,-2402314.650000
18681122.526428,-2402316.224884
18681124.919797,-2402318.837760
18681127.457882,-2402319.052517
18681131.109161,-2402317.262876
18681136.485892,-2402315.628337
18681140.894144,-2402315.998196
18681144.467500,-2402318.241213
18681149.621592,-2402323.013590
18681154.029844,-2402328.466033
18681155.521525,-2402332.940139
18681155.298886,-2402338.165897
18681155.076247,-2402342.568420
18681155.365678,-2402344.513166
18681157.157922,-2402347.197632
18681162.835216,-2402350.263890
18681169.703628,-2402357.947432
18681175.302999,-2402361.526723
18681187.470219,-2402366.454214
18681193.214305,-2402367.945586
18681196.943508,-2402367.134280
18681201.496475,-2402365.487805
18681206.127366,-2402361.455137
18681209.934492,-2402358.842254
18681214.565383,-2402358.699083
18681219.418913,-2402360.715417
18681222.023789,-2402363.030025
18681224.495082,-2402366.979177
18681225.162999,-2402371.310121
18681223.148116,-2402376.464304
18681220.164754,-2402380.795251
18681218.149871,-2402383.777997
18681217.470822,-2402387.059019
18681218.227794,-2402390.041766
18681221.433796,-2402391.759829
18681223.816033,-2402392.058103
18681229.348612,-2402393.334720
18681235.760614,-2402397.737256
18681241.293193,-2402405.349233
18681249.798002,-2402417.220582
18681256.443776,-2402424.379189
18681261.664660,-2402428.113596
18681267.486669,-2402431.394626
18681279.130688,-2402434.687587
18681289.205102,-2402435.952275
18681296.529924,-2402436.703930
18681302.641364,-2402439.090134
18681306.826977,-2402443.265993
18681312.648987,-2402450.508127
18681315.632349,-2402454.314126
18681320.407955,-2402456.402057
18681323.992443,-2402457.451988
18681327.654854,-2402461.413092
18681330.415577,-2402464.014059
18681335.458350,-2402465.732129
18681337.239462,-2402466.078129
18681338.853595,-2402467.831992
18681339.899998,-2402469.919924
18681339.899998,-2402474.465653
18681339.143025,-2402477.162070
18681339.822074,-2402480.741384
18681342.360159,-2402484.177528
18681350.119127,-2402489.248226
18681352.879851,-2402492.087818
18681355.417935,-2402496.263689
18681357.956019,-2402499.329972
18681365.425557,-2402503.434258
18681373.184526,-2402510.294623
18681378.260694,-2402513.814289
18681385.730232,-2402516.725471
18681391.173755,-2402519.326446
18681398.342731,-2402523.585841
18681406.480185,-2402529.181518
18681411.255792,-2402532.844361
18681416.632523,-2402538.511628
18681418.124204,-2402543.295996
18681420.361726,-2402546.577047
18681422.755095,-2402548.891679
18681426.406374,-2402550.836448
18681434.699676,-2402550.084789
18681442.302798,-2402546.577047
18681449.772335,-2402544.560692
18681454.625865,-2402545.085660
18681460.069388,-2402548.438298
18681463.063883,-2402554.869160
18681465.301404,-2402562.182927
18681467.316287,-2402573.899276
18681468.952684,-2402578.230271
18681470.900775,-2402581.141464
18681477.390701,-2402583.157823
18681488.210956,-2402587.631994
18681494.556166,-2402591.593127
18681500.678738,-2402595.995713
18681506.278109,-2402597.785382
18681514.270848,-2402596.592269
18681520.014934,-2402596.663856
18681522.998296,-2402597.713796
18681528.297104,-2402601.889692
18681532.705356,-2402609.955139
18681536.067205,-2402616.899063
18681540.764887,-2402625.847422
18681544.427298,-2402630.858505
18681547.555376,-2402633.912881
18681550.772509,-2402635.105996
18681554.056434,-2402634.962822
18681558.909964,-2402632.862939
18681561.815403,-2402633.387910
18681565.021404,-2402634.807717
18681568.383253,-2402638.387064
18681573.759984,-2402649.518837
18681580.628397,-2402659.743848
18681586.750969,-2402673.249940
18681591.671290,-2402679.668916
18681595.701056,-2402683.033511
18681603.537948,-2402684.966363
18681610.862770,-2402688.104266
18681616.829495,-2402690.490504
18681622.350942,-2402695.573193
18681626.981833,-2402701.538792
18681629.519917,-2402710.952511
18681632.659127,-2402718.266342
18681637.579448,-2402732.894012
18681641.308651,-2402738.119888
18681645.349549,-2402741.257800
18681651.460989,-2402742.450923
18681661.913889,-2402745.135449
18681677.587673,-2402755.133822
18681691.246575,-2402769.546761
18681694.163145,-2402772.076185
18681697.892348,-2402773.651110
18681701.476836,-2402774.772647
18681705.729241,-2402777.898634
18681707.966762,-2402782.611479
18681708.645811,-2402786.859006
18681710.504847,-2402789.698646
18681714.389897,-2402792.383179
18681717.005905,-2402793.802999
18681720.590393,-2402796.046077
18681722.605275,-2402799.100480
18681725.955992,-2402807.989275
18681729.618403,-2402815.601428
18681731.711210,-2402820.230764
18681733.058176,-2402828.284380
18681734.316086,-2402832.018872
18681739.102824,-2402839.857730
18681749.845155,-2402850.679416
18681756.869415,-2402855.762150
18681758.806374,-2402858.219999
18681759.552214,-2402860.236390
18681759.029013,-2402863.147629
18681757.682047,-2402865.832174
18681755.823011,-2402868.671826
18681755.600372,-2402872.931305
18681757.014130,-2402877.775419
18681767.912308,-2402896.591118
18681769.403989,-2402902.640304
18681769.481913,-2402908.605973
18681769.326066,-2402914.428467
18681770.450392,-2402918.389673
18681772.320560,-2402921.897489
18681775.893916,-2402925.107022
18681784.031370,-2402930.261366
18681790.755068,-2402940.259844
18681803.289642,-2402964.146443
18681808.365811,-2402974.443224
18681811.360305,-2402982.652018
18681810.458617,-2402986.088258
18681809.712777,-2402993.855596
18681812.851987,-2402998.628155
18681818.673996,-2403004.450679
18681828.525771,-2403028.039080
18681845.991799,-2403062.974311
18681858.826936,-2403082.386779
18681863.457827,-2403091.037087
18681864.871585,-2403100.820888
18681866.218550,-2403107.395129
18681869.135121,-2403114.184138
18681873.009039,-2403118.216978
18681876.292964,-2403122.989571
18681876.370888,-2403127.547398
18681874.957130,-2403130.637653
18681870.470955,-2403132.391582
18681869.357760,-2403133.548937
18681869.279836,-2403136.018756
18681870.816045,-2403137.617576
18681874.545248,-2403137.772685
18681879.576889,-2403139.156738
18681883.539863,-2403141.423722
18681889.729227,-2403144.036720
18681892.267311,-2403148.367854
18681892.567874,-2403154.942112
18681888.838671,-2403163.079401
18681884.808905,-2403169.415034
18681884.430419,-2403172.111556
18681886.000024,-2403174.939326
18681889.962998,-2403177.779028
18681897.343480,-2403182.933445
18681902.798135,-2403187.264589
18681906.449414,-2403190.844047
18681908.241658,-2403197.633089
18681908.319582,-2403204.350543
18681908.620144,-2403207.715237
18681909.510700,-2403212.189566
18681913.095188,-2403217.642282
18681919.440399,-2403221.818324
18681925.117693,-2403224.658033
18681930.193862,-2403228.989187
18681932.731946,-2403235.110076
18681930.494424,-2403241.827545
18681927.655777,-2403250.931330
18681927.054652,-2403254.212512
18681929.748584,-2403259.593651
18681938.398108,-2403267.659398
18681949.752696,-2403275.271749
18681954.828865,-2403278.994404
18681961.541430,-2403286.761870
18681967.062877,-2403295.865678
18681969.155684,-2403306.771164
18681969.901524,-2403314.526710
18681968.109280,-2403319.012997
18681966.172321,-2403322.747593
18681965.426481,-2403328.868514
18681966.617599,-2403336.027489
18681970.057371,-2403339.762088
18681974.231852,-2403340.955251
18681977.961055,-2403342.744996
18681981.100265,-2403346.324486
18681980.955550,-2403352.743706
18681982.892509,-2403357.826584
18681989.315643,-2403362.002659
18681994.091249,-2403363.350935
18681997.219327,-2403363.649226
18682000.503252,-2403365.737264
18682000.959662,-2403369.913341
18682000.503252,-2403377.979138
18682001.549655,-2403387.238105
18682004.243587,-2403396.043673
18682007.226949,-2403404.849246
18682010.655590,-2403410.528724
18682013.939515,-2403417.472961
18682014.985918,-2403421.720640
18682014.095362,-2403430.526226
18682013.939515,-2403437.697173
18682016.188168,-2403445.309596
18682020.507365,-2403449.187399
18682027.086347,-2403456.656647
18682033.654197,-2403466.953714
18682035.891718,-2403473.074685
18682039.921484,-2403486.366625
18682043.205409,-2403497.117116
18682047.836300,-2403503.834684
18682054.404150,-2403507.414206
18682066.048168,-2403511.590316
18682071.424900,-2403514.585185
18682074.552977,-2403518.307890
18682075.899943,-2403522.794229
18682073.217144,-2403535.477686
18682074.408262,-2403548.912854
18682079.484431,-2403562.049738
18682089.480921,-2403576.391743
18682100.835509,-2403596.842840
18682112.023118,-2403634.165558
18682115.462890,-2403647.302505
18682118.602100,-2403655.666724
18682124.568825,-2403659.986052
18682130.691397,-2403664.913905
18682137.403962,-2403671.929833
18682142.635978,-2403682.382139
18682144.717652,-2403688.658299
18682147.111022,-2403697.762314
18682148.457987,-2403708.059521
18682144.717652,-2403716.865248
18682144.717652,-2403722.389711
18682148.001577,-2403730.157372
18682151.586065,-2403745.537587
18682154.124149,-2403760.166106
18682159.656728,-2403769.425273
18682169.508503,-2403778.827627
18682174.874103,-2403788.528285
18682181.152522,-2403795.842560
18682189.356768,-2403801.068749
18682197.126869,-2403812.714327
18682200.110231,-2403827.641200
18682206.678081,-2403843.773214
18682214.292334,-2403853.617091
18682230.121966,-2403863.329722
18682234.441162,-2403871.383812
18682235.943975,-2403881.537936
18682239.072053,-2403895.868267
18682244.593500,-2403907.669023
18682249.380238,-2403918.706137
18682255.647525,-2403926.473883
18682264.608744,-2403934.683118
18682276.998603,-2403939.909348
18682295.210472,-2403954.394843
18682298.049119,-2403959.919379
18682297.447994,-2403963.952412
18682292.071262,-2403967.675212
18682288.642622,-2403971.266760
18682288.342059,-2403976.636185
18682291.481269,-2403979.917502
18682300.731919,-2403982.757332
18682305.362810,-2403986.635253
18682307.444484,-2403992.756403
18682308.201457,-2404002.313993
18682309.092013,-2404017.241026
18682309.693138,-2404032.323189
18682314.468744,-2404045.603616
18682321.036594,-2404057.547657
18682325.956915,-2404064.265438
18682336.265100,-2404070.840036
18682345.515750,-2404078.011243
18682346.718000,-2404083.380700
18682345.816313,-2404090.396794
18682344.469347,-2404095.921374
18682345.215187,-2404100.252741
18682351.193044,-2404106.373930
18682361.946507,-2404119.212924
18682370.006038,-2404128.162042
18682373.134116,-2404136.383302
18682372.844685,-2404141.609591
18682370.896594,-2404147.277373
18682371.341872,-2404150.857025
18682373.879956,-2404153.696883
18682380.904216,-2404159.221482
18682387.472066,-2404173.396919
18682395.086319,-2404180.723286
18682405.238657,-2404195.197045
18682418.374357,-2404210.279360
18682432.411744,-2404229.084541
18682440.025998,-2404244.166884
18682445.246882,-2404265.811978
18682451.959447,-2404277.911287
18682475.102769,-2404296.573353
18682483.908141,-2404304.627640
18682484.809829,-2404311.202327
18682480.178938,-2404318.361699
18682474.802207,-2404326.129620
18682474.356929,-2404331.057658
18682478.687257,-2404335.090775
18682487.648476,-2404342.405276
18682490.030713,-2404351.509627
18682488.984310,-2404366.281834
18682490.030713,-2404376.734550
18682493.470485,-2404383.750760
18682500.784176,-2404391.220402
18682502.876982,-2404397.341692
18682501.975294,-2404407.197809
18682502.721135,-2404418.986973
18682505.860345,-2404422.864990
18682514.665716,-2404424.953152
18682523.471088,-2404426.599818
18682528.703104,-2404430.776145
18682532.287592,-2404440.489092
18682531.085341,-2404451.824848
18682531.530619,-2404459.592828
18682534.669829,-2404471.083717
18682540.647685,-2404480.796687
18682555.119219,-2404491.392659
18682565.271557,-2404502.442070
18682571.995254,-2404511.844813
18682583.639273,-2404520.650940
18682590.652401,-2404527.822329
18682595.138576,-2404535.578410
18682595.728569,-2404546.186348
18682598.121938,-2404554.992492
18682605.135066,-2404559.467161
18682614.986841,-2404558.870538
18682623.346935,-2404558.727349
18682629.168944,-2404560.362094
18682632.007591,-2404564.693575
18682631.862876,-2404578.726147
18682633.198710,-2404591.123981
18682636.337920,-2404602.913268
18682642.015214,-2404614.702562
18682645.744417,-2404628.890296
18682653.803948,-2404646.800984
18682662.909882,-2404656.215737
18682674.553901,-2404666.656691
18682680.977035,-2404676.214645
18682687.689601,-2404696.523822
18682702.027551,-2404731.605534
18682713.070445,-2404750.411269
18682731.883439,-2404769.527272
18682745.019139,-2404793.702721
18682754.280920,-2404811.923823
18682769.208864,-2404835.801014
18682779.951195,-2404850.144050
18682784.737933,-2404861.778384
18682788.021858,-2404874.021292
18682793.688020,-2404884.772624
18682816.976057,-2404908.661846
18682819.068864,-2404918.816565
18682821.462233,-2404935.534276
18682822.953914,-2404951.058731
18682826.237839,-2404958.230294
18682842.356901,-2404967.179836
18682861.169895,-2404976.439633
18682872.813914,-2404991.964124
18682877.589520,-2405009.278542
18682882.665689,-2405031.079696
18682888.643546,-2405054.372476
18682894.910833,-2405073.775194
18682899.987002,-2405083.631688
18682914.313820,-2405091.089692
18682930.744577,-2405098.559632
18682939.394101,-2405111.399344
18682944.470270,-2405131.398767
18682949.546439,-2405140.658650
18682965.676633,-2405149.023574
18682974.626720,-2405157.376570
18682977.020089,-2405172.304576
18682973.290886,-2405183.951055
18682967.468877,-2405193.950805
18682968.804711,-2405197.387474
18682974.337290,-2405198.735890
18682986.426586,-2405191.862551
18682995.387805,-2405189.332781
18683003.002058,-2405190.526069
18683009.414061,-2405195.454347
18683011.362152,-2405204.559137
18683009.113498,-2405216.802282
18683008.668221,-2405227.398694
18683013.154396,-2405234.856759
18683018.219433,-2405236.205177
18683027.625930,-2405232.923628
18683034.494342,-2405235.155082
18683040.171636,-2405242.481888
18683040.472199,-2405251.586701
18683040.616914,-2405262.922976
18683042.709721,-2405267.111433
18683056.290699,-2405273.674545
18683068.391127,-2405282.779374
18683073.166733,-2405292.934308
18683077.040652,-2405303.232442
18683082.417383,-2405306.227613
18683092.870283,-2405305.332642
18683102.421496,-2405307.122585
18683106.451261,-2405312.790739
18683104.959580,-2405319.664125
18683102.877906,-2405329.962275
18683103.467899,-2405340.713884
18683108.544068,-2405350.856918
18683114.811355,-2405358.171839
18683127.958187,-2405364.293463
18683143.186693,-2405367.586970
18683147.661737,-2405371.906714
18683148.852855,-2405378.326669
18683150.043974,-2405385.796730
18683154.530149,-2405392.515015
18683161.097999,-2405399.376498
18683166.018321,-2405407.586415
18683170.504496,-2405411.476581
18683181.547390,-2405413.863186
18683194.683090,-2405412.968209
18683200.505099,-2405415.354815
18683201.852065,-2405421.023004
18683200.215668,-2405426.846324
18683198.712855,-2405433.266298
18683199.759258,-2405439.841404
18683204.390149,-2405446.702906
18683211.703840,-2405451.332929
18683219.318093,-2405452.681364
18683230.071556,-2405448.946319
18683235.593003,-2405448.791190
18683238.876927,-2405453.122887
18683238.431650,-2405462.681265
18683238.131087,-2405478.504509
18683239.177490,-2405487.167920
18683242.761978,-2405493.587916
18683247.537584,-2405497.167841
18683253.960718,-2405497.609365
18683262.465528,-2405493.731113
18683270.079781,-2405492.537805
18683274.855387,-2405495.521076
18683277.393471,-2405504.781149
18683279.931556,-2405512.394461
18683283.961321,-2405519.554318
18683284.562447,-2405525.831129
18683284.406599,-2405531.797681
18683287.545809,-2405535.986202
18683294.558937,-2405537.179513
18683302.919031,-2405537.919365
18683311.279124,-2405542.406215
18683319.349787,-2405555.246250
18683323.824831,-2405560.317827
18683335.324134,-2405572.107759
18683352.934878,-2405589.279546
18683371.002031,-2405602.561141
18683396.972868,-2405623.468039
18683408.472172,-2405638.098109
18683424.301803,-2405656.606477
18683448.480397,-2405676.618449
18683501.034328,-2405705.282027
18683526.415172,-2405719.613834
18683563.440035,-2405755.139103
18683588.219753,-2405774.256190
18683606.431622,-2405784.697804
18683624.042366,-2405797.239682
18683642.554797,-2405817.251813
18683659.274984,-2405827.395119
18683678.388541,-2405843.517022
18683694.518735,-2405864.125871
18683712.730604,-2405888.911415
18683730.942473,-2405904.735040
18683750.501307,-2405923.088553
18683775.882151,-2405947.730979
18683793.348179,-2405969.676490
18683800.060744,-2405981.621829
18683805.882754,-2405990.727023
18683816.636217,-2406004.462389
18683823.949907,-2406019.235975
18683830.217195,-2406040.286566
18683830.662472,-2406052.673490
18683827.378548,-2406064.177347
18683821.111260,-2406073.724121
18683814.242848,-2406081.636015
18683806.038601,-2406086.564541
18683795.953055,-2406093.211491
18683790.654247,-2406097.770082
18683786.479767,-2406103.366889
18683785.956565,-2406108.593759
18683786.179204,-2406112.317010
18683785.433363,-2406115.980594
18683782.739432,-2406119.787381
18683777.373832,-2406123.737371
18683773.934060,-2406129.119382
18683768.267898,-2406143.153194
18683762.290041,-2406155.540190
18683758.260276,-2406160.767076
18683752.438266,-2406162.103631
18683746.916820,-2406161.662090
18683739.002004,-2406160.170399
18683734.671676,-2406162.103631
18683731.688313,-2406167.330518
18683726.912707,-2406179.574329
18683716.315092,-2406192.271623
18683706.608032,-2406201.520128
18683696.600410,-2406206.747026
18683689.587282,-2406211.818791
18683683.620557,-2406221.222442
18683676.451582,-2406232.869611
18683665.252841,-2406245.113467
18683655.100504,-2406257.202195
18683644.803451,-2406271.689585
18683636.443357,-2406285.126829
18683628.829104,-2406300.198990
18683621.515413,-2406307.072759
18683607.322178,-2406315.127960
18683591.948956,-2406327.073531
18683576.720450,-2406339.770931
18683561.647791,-2406361.263449
18683552.085447,-2406381.264284
18683545.072319,-2406394.260064
18683535.966385,-2406406.647236
18683526.559888,-2406416.050991
18683515.962272,-2406428.593317
18683509.694985,-2406439.942279
18683505.665219,-2406456.661426
18683505.809934,-2406473.535728
18683506.110497,-2406485.326268
18683503.717128,-2406491.293143
18683498.496244,-2406496.221784
18683492.818950,-2406501.747114
18683485.505259,-2406515.482877
18683478.336284,-2406527.428584
18683471.623719,-2406544.589364
18683464.154181,-2406554.148331
18683453.556565,-2406562.060439
18683444.450631,-2406566.989100
18683440.120303,-2406571.165931
18683439.819740,-2406576.237800
18683441.467269,-2406583.111676
18683444.895909,-2406592.062039
18683441.912547,-2406599.532613
18683428.776847,-2406612.970106
18683412.357222,-2406624.915879
18683393.844791,-2406636.253033
18683367.562259,-2406643.425279
18683348.760397,-2406655.669419
18683334.422446,-2406670.001995
18683323.379553,-2406690.301525
18683315.308890,-2406710.601079
18683295.605340,-2406740.758072
18683280.076271,-2406754.792368
18683259.482165,-2406766.439889
18683200.961509,-2406792.420092
18683158.559915,-2406812.123064
18683133.179071,-2406822.577224
18683094.963090,-2406830.632660
18683076.751221,-2406840.191782
18683057.938227,-2406855.419557
18683040.616914,-2406863.475008
18683013.744389,-2406868.260544
18682990.456352,-2406873.034148
18682968.659996,-2406876.017650
18682951.338683,-2406879.001154
18682932.536821,-2406887.963601
18682911.029895,-2406899.312858
18682886.550739,-2406910.650188
18682854.301483,-2406919.612651
18682825.937276,-2406930.961928
18682805.632601,-2406937.227305
18682790.103532,-2406938.719062
18682751.887551,-2406939.912468
18682702.628676,-2406947.084836
18682665.002689,-2406953.350219
18682618.727176,-2406965.594574
18682581.101188,-2406977.242232
18682547.059688,-2406988.281260
18682530.038938,-2406991.575069
18682517.804926,-2406993.066830
18682499.882488,-2406996.945410
18682488.238469,-2407005.299278
18682473.911651,-2407023.224305
18682459.874263,-2407029.489714
18682444.946319,-2407029.191361
18682428.226132,-2407029.191361
18682405.238657,-2407032.473243
18682369.104350,-2407043.225887
18682337.155656,-2407055.768657
18682320.435469,-2407065.315966
18682297.147431,-2407074.278508
18682281.918925,-2407080.842289
18682268.783225,-2407090.998254
18682256.838644,-2407100.855871
18682236.533968,-2407105.927891
18682212.644806,-2407109.508142
18682191.449575,-2407112.790039
18682173.838831,-2407121.155895
18682153.534156,-2407140.859233
18682137.704525,-2407150.418523
18682116.509294,-2407155.490558
18682097.395737,-2407160.860949
18682080.074424,-2407171.315315
18682054.994143,-2407177.580777
18682017.969280,-2407185.946664
18681988.113393,-2407202.069805
18681958.858631,-2407220.281452
18681941.837881,-2407225.962154
18681917.058162,-2407223.265014
18681897.644043,-2407215.806111
18681874.356005,-2407210.435703
18681856.444699,-2407212.524195
18681825.987686,-2407219.983096
18681798.514036,-2407214.314331
18681788.662261,-2407208.036922
18681782.984967,-2407187.438442
18681786.280024,-2407171.912025
18681787.771705,-2407154.595493
18681787.170580,-2407133.400366
18681777.318805,-2407118.172351
18681763.281417,-2407102.347641
18681745.670674,-2407065.315966
18681733.726092,-2407046.209418
18681712.230299,-2407022.329246
18681694.307861,-2406988.877965
18681679.981042,-2406944.698025
18681661.168048,-2406903.788119
18681644.147298,-2406867.663844
18681638.770567,-2406837.804984
18681634.295523,-2406821.085477
18681623.252630,-2406808.542873
18681612.799730,-2406792.420092
18681599.664030,-2406769.721722
18681592.194492,-2406751.212190
18681591.003373,-2406738.669636
18681593.686173,-2406727.320482
18681594.287298,-2406716.878312
18681590.402248,-2406705.827519
18681585.927205,-2406690.301525
18681585.025517,-2406670.897035
18681583.533835,-2406649.690554
18681578.758229,-2406631.777840
18681567.715336,-2406607.587947
18681556.961873,-2406593.267355
18681541.432804,-2406581.321604
18681529.788785,-2406568.779170
18681519.347017,-2406538.622470
18681514.270848,-2406515.327738
18681514.270848,-2406494.730064
18681510.085235,-2406481.292661
18681497.550661,-2406467.855268
18681488.589442,-2406449.644395
18681471.869254,-2406422.769667
18681454.848504,-2406392.613216
18681445.597854,-2406375.297445
18681428.866535,-2406340.069273
18681418.124204,-2406320.056551
18681407.671304,-2406301.547489
18681401.404017,-2406283.038447
18681390.650554,-2406255.567292
18681374.832054,-2406234.062969
18681349.751773,-2406202.713483
18681324.370929,-2406170.469038
18681308.841860,-2406141.804706
18681291.821110,-2406109.262035
18681267.341954,-2406071.039090
18681235.092697,-2406033.126498
18681201.051197,-2405987.731736
18681156.567929,-2405931.000379
18681109.980722,-2405871.882537
18681069.081941,-2405824.710126
18681018.320253,-2405769.172618
18680988.764928,-2405737.227294
18680916.206884,-2405669.446595
18680884.558753,-2405638.098109
18680854.992296,-2405613.611245
18680827.830340,-2405595.997908
18680802.449496,-2405576.594618
18680751.387246,-2405534.494563
18680702.718365,-2405498.361149
18680611.358458,-2405429.388061
18680549.542745,-2405378.326669
18680476.995833,-2405324.878830
18680427.124701,-2405282.779374
18680408.912833,-2405265.763012
18680383.531989,-2405243.376856
18680348.009939,-2405210.227258
18680325.612458,-2405182.161125
18680317.842357,-2405173.497863
18680297.838245,-2405160.670038
18680280.528064,-2405141.255292
18680259.321701,-2405123.045783
18680243.503201,-2405111.995985
18680224.389645,-2405103.631078
18680212.144501,-2405089.598091
18680194.233195,-2405060.637189
18680183.190301,-2405045.709277
18680165.568426,-2405031.676335
18680148.547676,-2405026.306590
18680136.903657,-2405016.748447
18680128.543563,-2405002.118891
18680120.183469,-2404979.124498
18680114.216745,-2404964.948416
18680102.416879,-2404951.655366
18680087.488935,-2404939.567530
18680077.036035,-2404935.677468
18680067.930100,-2404928.959357
18680061.061688,-2404919.854709
18680050.464072,-2404904.926916
18680040.022304,-2404894.175571
18680034.790288,-2404884.629432
18680031.061085,-2404874.773050
18680026.730757,-2404869.844860
18680020.908747,-2404866.563379
18680016.578419,-2404862.530141
18680012.849216,-2404849.249101
18680009.565291,-2404836.409579
18680000.604072,-2404823.116625
18679990.752297,-2404815.050170
18679985.230851,-2404811.768699
18679980.299397,-2404808.630420
18679976.870757,-2404803.559058
18679973.586832,-2404797.735943
18679968.655378,-2404793.857845
18679962.532806,-2404790.576377
18679956.265519,-2404784.753266
18679950.588225,-2404776.686829
18679938.643644,-2404766.830506
18679919.095941,-2404748.466259
18679892.067569,-2404722.345864
18679876.093222,-2404704.733414
18679863.402800,-2404692.192309
18679847.428453,-2404680.092718
18679816.225600,-2404657.850492
18679795.330931,-2404642.027981
18679764.873919,-2404615.895811
18679743.678688,-2404596.493594
18679732.479947,-2404589.620490
18679724.865694,-2404585.742437
18679721.882331,-2404580.217705
18679722.027047,-2404569.466557
18679721.281206,-2404558.273916
18679714.713356,-2404548.572836
18679704.705734,-2404540.363317
18679686.349150,-2404526.629086
18679678.579049,-2404517.512713
18679668.137281,-2404502.143759
18679656.036852,-2404486.918008
18679640.964193,-2404470.188788
18679627.973209,-2404456.609733
18679618.121434,-2404450.631610
18679606.032137,-2404443.913683
18679594.232271,-2404437.649188
18679580.796009,-2404428.246484
18679571.545359,-2404417.638617
18679563.630543,-2404401.816321
18679553.177643,-2404389.430552
18679544.973396,-2404383.452452
18679535.856330,-2404379.717632
18679528.542640,-2404374.503205
18679524.512874,-2404366.580142
18679521.830074,-2404352.702858
18679517.644461,-2404340.603498
18679510.631334,-2404332.692383
18679503.017080,-2404328.062652
18679498.241474,-2404323.886349
18679493.465868,-2404314.483705
18679489.436102,-2404310.152286
18679486.152178,-2404304.031026
18679484.949927,-2404294.031779
18679480.029606,-2404272.088345
18679476.745681,-2404265.811978
18679472.560068,-2404260.585652
18679463.754696,-2404253.867797
18679458.233249,-2404249.238087
18679453.602358,-2404241.327012
18679446.878661,-2404232.819329
18679440.021381,-2404224.753143
18679437.628011,-2404216.997198
18679436.882171,-2404205.792847
18679432.997121,-2404198.931826
18679424.047034,-2404192.810604
18679415.531093,-2404188.634334
18679405.979880,-2404178.623220
18679402.695955,-2404172.358819
18679399.556746,-2404162.657951
18679396.428668,-2404153.243460
18679395.382265,-2404141.454473
18679394.781139,-2404129.367190
18679392.387770,-2404123.090874
18679388.068574,-2404117.566286
18679379.853196,-2404112.196818
18679375.667583,-2404107.268841
18679373.730624,-2404098.904409
18679373.875339,-2404089.800188
18679374.921742,-2404081.734067
18679373.430061,-2404075.911188
18679370.146136,-2404069.945127
18679368.209177,-2404064.718859
18679366.717496,-2404054.266327
18679365.069967,-2404041.129078
18679362.387168,-2404031.428282
18679356.409311,-2404017.539328
18679353.871227,-2404009.186870
18679353.281233,-2404001.275903
18679353.581796,-2403994.247912
18679351.043712,-2403988.580180
18679345.221702,-2403985.442046
18679335.069365,-2403981.862428
18679331.484877,-2403977.387905
18679329.091508,-2403970.968458
18679327.299264,-2403962.007488
18679323.570061,-2403947.975404
18679314.764689,-2403934.241633
18679299.380336,-2403919.314670
18679293.714174,-2403913.193545
18679285.053517,-2403896.166567
18679268.923323,-2403876.610023
18679253.850664,-2403864.821220
18679233.690704,-2403853.020493
18679221.156130,-2403843.618099
18679216.224676,-2403837.353816
18679215.033558,-2403828.392913
18679215.189405,-2403817.045624
18679216.681086,-2403776.441242
18679211.103980,-2403730.205099
18679210.547382,-2403726.434622
18679208.020430,-2403708.656115
18679200.550892,-2403693.729342
18679184.431830,-2403669.245166
18679168.301635,-2403647.147391
18679158.149298,-2403625.061576
18679149.199211,-2403588.932057
18679141.729673,-2403566.834382
18679129.785092,-2403547.719677
18679110.682667,-2403521.147647
18679080.225654,-2403489.802963
18679054.544248,-2403451.883964
18679037.824060,-2403420.229180
18679023.497242,-2403383.801787
18679008.268735,-2403347.672760
18678989.155179,-2403315.719871
18678970.642748,-2403288.551609
18678945.261904,-2403261.681677
18678926.159479,-2403240.777567
18678909.138729,-2403214.205997
18678898.084703,-2403188.231042
18678885.550129,-2403156.278441
18678873.304985,-2403124.636116
18678856.284235,-2403092.981915
18678837.482373,-2403057.748339
18678823.144422,-2403024.901117
18678804.932554,-2402979.824279
18678784.327316,-2402933.542489
18678767.017135,-2402908.164513
18678751.187503,-2402892.629917
18678738.051804,-2402878.598680
18678725.205534,-2402854.115631
18678716.845441,-2402828.439486
18678714.463203,-2402796.189252
18678710.277591,-2402776.192466
18678715.654322,-2402761.851109
18678736.560122,-2402746.328572
18678758.946472,-2402738.859624
18678787.021248,-2402736.473379
18678817.767691,-2402735.876818
18678839.564047,-2402733.788854
18678868.529379,-2402723.933668
18678900.177510,-2402706.323203
18678936.901810,-2402681.840392
18678967.659385,-2402663.024921
18678997.214710,-2402651.380099
18679024.688360,-2402646.011075
18679038.425186,-2402641.226680
18679044.391910,-2402630.774987
18679044.692473,-2402609.871621
18679049.167516,-2402592.559548
18679048.276960,-2402576.440604
18679043.501354,-2402550.752931
18679044.692473,-2402532.546084
18679052.451441,-2402514.923879
18679058.429298,-2402500.892941
18679058.128735,-2402491.634438
18679055.746498,-2402477.603518
18679054.544248,-2402456.998609
18679057.527610,-2402438.195307
18679062.013786,-2402425.202429
18679067.234670,-2402418.640372
18679073.501957,-2402413.116316
18679080.971495,-2402410.873287
18679087.839907,-2402407.138883
18679090.979117,-2402399.228631
18679096.055286,-2402393.549477
18679102.467289,-2402387.583982
18679104.415380,-2402381.308283
18679101.420885,-2402374.292866
18679094.552473,-2402365.941182
18679093.060792,-2402358.913840
18679095.598876,-2402349.965616
18679102.166726,-2402337.867623
18679108.144583,-2402328.764307
18679116.348829,-2402322.643731
18679128.148695,-2402314.136970
18679145.759439,-2402300.249362
18679156.067623,-2402296.968357
18679167.856357,-2402297.708074
18679177.563417,-2402295.465060
18679186.969914,-2402289.344496
18679199.504489,-2402277.998192
18679210.703229,-2402265.613907
18679221.456692,-2402256.057254
18679231.453183,-2402251.726338
18679242.507208,-2402247.991967
18679248.329217,-2402244.257598
18679251.757858,-2402240.380058
18679253.850664,-2402230.381976
18679258.025145,-2402222.770074
18679261.320202,-2402215.146245
18679263.557724,-2402206.198093
18679262.656036,-2402190.365841
18679263.702439,-2402180.510957
18679269.079170,-2402169.021553
18679276.092298,-2402161.111407
18679290.730811,-2402153.201264
18679309.387958,-2402149.311814
18679327.154549,-2402145.279194
18679345.366417,-2402142.296488
18679361.196049,-2402143.787841
18679371.793665,-2402146.030836
18679378.361515,-2402145.577465
18679388.068574,-2402142.153318
18679401.493705,-2402137.524160
18679433.742961,-2402128.265846
18679455.238755,-2402128.564116
18679470.467261,-2402134.231254
18679481.521287,-2402139.910324
18679491.974187,-2402140.208594
18679501.224837,-2402134.231254
18679517.054468,-2402113.638674
18679522.720630,-2402107.363072
18679529.589043,-2402106.468262
18679543.926993,-2402113.042134
18679563.329980,-2402114.235214
18679579.449043,-2402105.871722
18679586.618018,-2402096.016885
18679596.469793,-2402082.881088
18679611.397737,-2402072.131455
18679626.036250,-2402069.447031
18679638.270262,-2402074.815880
18679645.439237,-2402084.968975
18679655.291012,-2402084.074166
18679664.853356,-2402084.968975
18679676.196812,-2402086.460323
18679681.862974,-2402079.600123
18679686.349150,-2402058.100868
18679686.349150,-2402044.965099
18679690.223068,-2402032.413946
18679702.468212,-2402026.150304
18679721.281206,-2402023.764155
18679745.470931,-2402013.014558
18679768.458406,-2402007.037260
18679793.538687,-2402007.633797
18679827.869618,-2402006.142455
18679849.665975,-2402004.352846
18679877.740750,-2402006.142455
18679895.652056,-2402010.318212
18679912.672806,-2402020.471270
18679929.392994,-2402029.132990
18679938.643644,-2402028.834721
18679946.113182,-2402023.167618
18679955.964956,-2402009.423407
18679965.816731,-2402004.352846
18679980.154682,-2402004.949382
18679997.765425,-2402013.909363
18680016.878982,-2402017.488585
18680032.697481,-2402011.821484
18680041.959263,-2402003.159773
18680053.302719,-2401995.691137
18680063.154494,-2401989.427508
18680073.907957,-2401983.151950
18680091.819263,-2401980.467539
18680109.730569,-2401983.151950
18680120.484032,-2401981.362343
18680129.745814,-2401974.490252
18680145.864876,-2401966.735292
18680162.585063,-2401964.038953
18680182.889738,-2401968.823166
18680207.691721,-2401969.276533
