#Antigua & Barbuda
#Barbuda
#RGAF09 / UTM zone 20N
#Source: Organization of American States
#https://www.oas.org/pgdm/data/gis_data.htm
#clockwise
623118.750000,1959784.500000
623276.437500,1959583.625000
623465.750000,1959293.625000
623787.687500,1958962.000000
624027.437500,1958617.000000
624188.562500,1958296.000000
624541.187500,1957844.750000
624818.312500,1957468.500000
624890.062500,1957405.500000
625059.000000,1957359.625000
625103.062500,1957193.875000
625013.562500,1957151.750000
624870.000000,1957115.375000
624709.187500,1957088.000000
624644.437500,1957094.875000
624570.687500,1957050.875000
624483.062500,1956946.500000
624335.125000,1956830.375000
624035.062500,1956800.375000
623827.562500,1956784.500000
623822.625000,1957091.375000
624080.625000,1957392.500000
624145.125000,1957460.875000
623991.437500,1957651.000000
623827.875000,1957730.250000
623863.312500,1957932.500000
623967.812500,1958199.125000
623779.875000,1958318.625000
623678.062500,1958445.125000
623604.250000,1958493.875000
623565.562500,1958196.875000
623521.687500,1957956.750000
623264.312500,1957779.500000
623046.750000,1957657.250000
622885.187500,1957656.625000
622858.000000,1957645.375000
622740.500000,1957768.500000
622745.437500,1957576.375000
622770.687500,1957363.625000
623032.500000,1956500.375000
623196.375000,1956213.875000
623437.375000,1956023.125000
623592.812500,1955918.375000
623853.812500,1955792.750000
624137.875000,1955735.250000
624453.437500,1955726.125000
624782.375000,1955734.625000
625127.562500,1955740.625000
625292.000000,1955910.500000
625419.062500,1955868.500000
625447.187500,1955696.375000
625570.687500,1955640.750000
625656.687500,1956022.375000
625905.625000,1956068.250000
626033.687500,1956204.125000
626135.500000,1956253.125000
626173.875000,1956274.875000
626308.312500,1956285.250000
626471.687500,1956431.375000
626465.500000,1956598.750000
626488.437500,1956715.750000
626491.750000,1956822.125000
626471.312500,1956848.250000
626359.062500,1956891.125000
626340.437500,1956773.375000
626134.437500,1956640.875000
626029.812500,1956725.250000
625759.750000,1956623.375000
625523.000000,1956487.250000
625332.000000,1956358.500000
625159.937500,1956129.250000
624911.750000,1955983.875000
624938.250000,1956189.625000
625158.437500,1956352.250000
625475.750000,1956669.250000
625445.750000,1956962.750000
625314.812500,1957132.125000
625164.562500,1957273.000000
625074.750000,1957434.000000
625217.750000,1957603.250000
625711.750000,1957609.250000
626014.000000,1957583.750000
626457.625000,1957068.375000
626706.062500,1956947.500000
626884.812500,1957182.875000
627083.937500,1957273.250000
627306.500000,1957269.500000
627537.250000,1957277.250000
627783.875000,1957220.875000
628030.750000,1956985.125000
628310.375000,1956558.625000
628476.812500,1956302.500000
628708.125000,1956111.750000
628966.625000,1955955.625000
629137.687500,1955614.750000
629359.437500,1955136.000000
629587.250000,1954820.250000
629922.000000,1954570.125000
630086.312500,1954321.250000
630288.437500,1954003.875000
630528.812500,1953838.000000
630855.000000,1953591.625000
631094.937500,1953568.250000
631346.062500,1953178.250000
631548.562500,1952942.750000
631722.812500,1952765.375000
631879.187500,1952615.125000
632200.562500,1952318.500000
632388.062500,1952145.750000
632535.625000,1951963.250000
632706.937500,1951732.625000
632819.812500,1951525.625000
632943.562500,1951345.500000
633103.562500,1951097.375000
633260.062500,1950810.875000
633497.500000,1950420.500000
633557.125000,1950108.000000
633661.125000,1949894.125000
633743.375000,1949662.875000
633764.062500,1949404.250000
633862.312500,1949009.500000
634032.250000,1948589.875000
634203.312500,1947858.125000
634206.562500,1947325.500000
634466.437500,1946900.750000
634443.437500,1946321.250000
634501.875000,1945917.125000
634467.875000,1945426.625000
634194.875000,1944894.500000
633930.250000,1944312.000000
633873.937500,1943819.375000
633958.937500,1943401.000000
634107.062500,1942883.375000
633975.500000,1942506.625000
633733.500000,1942145.875000
633760.437500,1941752.000000
634180.937500,1941354.500000
634029.062500,1941033.750000
633993.500000,1940845.875000
634120.312500,1940532.750000
634218.875000,1940392.625000
634402.562500,1940260.500000
634491.500000,1940071.000000
634244.062500,1940016.000000
634038.250000,1940342.750000
633629.687500,1940680.750000
632682.875000,1941062.125000
632075.187500,1941108.000000
631676.312500,1941052.375000
631387.562500,1940893.250000
631059.812500,1940245.250000
630787.437500,1939862.250000
630823.812500,1940198.375000
630831.000000,1940741.750000
630327.687500,1941881.875000
629820.250000,1942466.625000
629331.687500,1942819.875000
628917.125000,1943047.250000
628550.250000,1943126.500000
628187.437500,1943139.125000
627863.625000,1943192.625000
627484.625000,1943391.875000
627162.437500,1943741.375000
626604.562500,1944177.750000
625994.187500,1944485.500000
625591.937500,1944800.375000
625048.125000,1945172.500000
624627.562500,1945222.875000
623689.687500,1945480.625000
621836.062500,1944459.500000
621208.625000,1943813.750000
620771.375000,1944422.625000
620862.437500,1945276.000000
620962.125000,1945569.750000
621250.000000,1946550.500000
621433.437500,1947101.000000
621499.812500,1947462.375000
621643.750000,1948112.625000
621815.812500,1949159.250000
621613.312500,1950120.875000
621502.500000,1951414.250000
621192.375000,1952445.750000
620418.312500,1953236.250000
620226.500000,1953945.750000
619373.562500,1955562.375000
618575.750000,1956301.875000
617955.312500,1956738.000000
618382.937500,1957212.875000
619059.625000,1957791.750000
619275.250000,1958154.125000
619641.375000,1958717.000000
619833.812500,1958967.500000
620231.312500,1958789.375000
620227.437500,1958698.125000
620046.812500,1958704.250000
620200.937500,1958601.000000
620272.125000,1958685.500000
620487.250000,1958666.375000
620352.250000,1958343.250000
620278.812500,1958017.375000
620389.437500,1957977.125000
620374.250000,1957692.125000
620478.687500,1957465.375000
620583.312500,1957371.750000
620562.312500,1957174.375000
620367.500000,1956967.625000
620258.000000,1956572.500000
620104.125000,1956531.125000
620123.687500,1956369.000000
620110.625000,1956170.000000
620122.750000,1955876.750000
620268.312500,1955523.750000
620528.375000,1955214.750000
620774.312500,1955073.625000
620661.875000,1955055.750000
620565.312500,1955079.875000
620159.250000,1955394.250000
619958.000000,1955989.125000
619989.375000,1956135.750000
620015.625000,1956167.250000
620012.375000,1956206.250000
619994.062500,1956252.000000
619948.500000,1956247.750000
619895.125000,1956325.000000
619800.500000,1956371.000000
619702.937500,1956505.000000
619687.812500,1956623.500000
619687.062500,1956715.750000
619702.937500,1956823.875000
619611.750000,1956896.875000
619525.562500,1956963.250000
619686.125000,1956890.500000
619779.687500,1956835.250000
619856.312500,1956716.625000
619884.625000,1956911.375000
619797.812500,1957081.625000
619716.625000,1957037.000000
619608.687500,1957122.250000
619360.562500,1957085.375000
619438.437500,1957184.625000
619797.500000,1957222.875000
620072.062500,1957497.625000
619794.062500,1957636.000000
619695.625000,1957824.125000
619395.062500,1958064.500000
619331.625000,1957993.625000
619548.687500,1957718.250000
619549.250000,1957368.875000
619330.437500,1957336.250000
619197.625000,1957124.875000
619143.437500,1957174.625000
619029.937500,1957115.625000
619010.437500,1956689.875000
619117.687500,1956380.625000
619209.125000,1955842.375000
619450.437500,1955772.000000
619493.062500,1955915.000000
619909.812500,1955854.750000
619720.312500,1955489.125000
619834.437500,1955274.875000
620082.062500,1955053.500000
620023.687500,1955032.125000
620092.500000,1954931.250000
620286.250000,1954926.375000
620365.250000,1954613.750000
620658.375000,1954143.250000
620902.937500,1954036.000000
620956.750000,1953970.625000
620893.875000,1953738.250000
620988.687500,1953273.125000
621126.437500,1953176.625000
621351.562500,1952827.000000
621558.000000,1952674.125000
621770.312500,1952548.000000
621599.250000,1952067.625000
621594.437500,1951456.000000
621685.062500,1950735.875000
621894.562500,1950018.500000
621989.062500,1949632.750000
622084.187500,1949215.375000
622027.687500,1948836.750000
621924.125000,1948527.125000
621774.500000,1948242.250000
621611.187500,1947697.250000
622246.500000,1947082.875000
622703.250000,1947193.625000
622913.750000,1947446.000000
623580.625000,1947525.500000
623840.000000,1948016.000000
623835.500000,1948775.250000
623780.937500,1949307.000000
623552.812500,1949559.625000
623653.125000,1949830.625000
623840.625000,1950283.875000
624021.625000,1950530.500000
624050.437500,1950517.250000
624162.562500,1950679.500000
624187.937500,1950748.500000
624301.125000,1950925.500000
624278.250000,1951176.750000
624099.750000,1951568.875000
623960.312500,1951747.500000
623774.312500,1951973.875000
623675.562500,1952343.000000
623501.937500,1952636.750000
623351.250000,1952829.500000
623135.500000,1953688.000000
623380.375000,1953189.750000
623501.375000,1953237.375000
623612.750000,1953263.000000
623761.500000,1953387.750000
623904.437500,1953739.000000
623905.500000,1954203.250000
624012.812500,1954433.125000
624147.812500,1954802.500000
624016.375000,1955224.750000
623911.937500,1955359.625000
623781.437500,1955189.625000
623510.500000,1955381.000000
623355.687500,1955538.500000
623198.875000,1955728.750000
623091.500000,1955968.500000
622974.250000,1956088.000000
622863.375000,1956265.625000
622726.812500,1956474.250000
622530.687500,1956622.000000
622364.437500,1956749.250000
622421.750000,1956565.875000
622442.312500,1956403.625000
622371.812500,1956226.125000
622469.625000,1955603.625000
622411.500000,1955583.875000
622362.187500,1955447.375000
622016.812500,1955892.375000
621822.687500,1956159.625000
621576.750000,1956417.750000
621272.437500,1956493.375000
620989.187500,1956500.250000
620608.375000,1956665.625000
620753.812500,1956932.875000
620885.312500,1957283.375000
620532.875000,1957802.750000
620573.375000,1958443.000000
620570.625000,1958843.625000
620661.937500,1959019.625000
620837.750000,1959021.750000
620989.437500,1959029.750000
621114.500000,1958973.375000
621181.500000,1958958.625000
621236.937500,1958974.500000
621293.750000,1959087.000000
621311.500000,1959153.000000
621416.437500,1959238.500000
621457.250000,1959221.500000
621602.437500,1959184.625000
621806.250000,1959035.750000
622043.062500,1959273.875000
622163.875000,1959479.625000
622290.125000,1959785.000000
622380.375000,1960030.625000
622213.125000,1960082.625000
622188.187500,1959839.250000
622084.937500,1959579.875000
621886.937500,1959552.875000
621783.437500,1959370.625000
621601.687500,1959405.125000
621449.625000,1959368.875000
621607.375000,1959826.125000
621444.750000,1959970.750000
621811.437500,1960227.375000
622044.687500,1960379.500000
622439.562500,1960399.500000
622683.062500,1960215.125000
622895.875000,1959958.000000
623118.750000,1959784.500000
