#Polynésie
#Rangiroa: motu Avatoru 
#UTM zone 6S
#Source IGN
#clockwise
426560.269960,8347417.220006
426560.550022,8347404.549950
426557.339978,8347392.250000
426554.779974,8347383.010023
426553.750011,8347379.629988
426554.189952,8347377.989971
426555.059962,8347377.499981
426556.229980,8347378.490015
426558.009984,8347381.049958
426559.639985,8347383.080051
426561.169960,8347384.099950
426564.150040,8347383.680049
426566.370038,8347380.489971
426567.269976,8347370.930013
426568.840001,8347362.420051
426569.010010,8347352.000055
426569.099994,8347340.709960
426568.960006,8347331.779947
426567.630036,8347327.689968
426562.789983,8347316.969964
426554.440031,8347303.479953
426545.009996,8347294.589951
426534.899952,8347286.620023
426529.090011,8347280.269956
426520.540012,8347256.589974
426519.919968,8347251.160011
426516.880000,8347240.780023
426513.869956,8347231.789964
426507.790037,8347220.500020
426502.009997,8347208.390035
426497.039958,8347196.559955
426495.079948,8347188.480031
426492.770016,8347180.990030
426489.110049,8347171.359957
426485.729999,8347161.559961
426486.179972,8347159.980038
426487.049968,8347158.199985
426488.180011,8347153.899998
426488.590044,8347151.599980
426489.269949,8347150.889954
426491.030026,8347148.980016
426491.799968,8347146.200055
426491.139964,8347137.229945
426490.209973,8347128.210003
426485.059960,8347128.390045
426479.330014,8347128.560004
426474.400007,8347129.689992
426465.079964,8347134.879965
426464.709946,8347137.629964
426463.559953,8347140.550006
426461.289984,8347141.739947
426457.550045,8347142.930008
426454.359994,8347143.550009
426450.750001,8347143.889974
426447.579955,8347144.090042
426437.400024,8347149.100046
426432.270040,8347149.200055
426430.269997,8347148.119963
426427.420037,8347148.409947
426423.329954,8347150.190033
426418.270004,8347152.689980
426414.599968,8347153.249983
426409.970012,8347151.999961
426405.989959,8347151.749992
426402.509967,8347151.709956
426397.600031,8347151.139996
426394.240013,8347150.659983
426385.440029,8347150.539946
426376.599973,8347151.000053
426368.039950,8347153.099956
426357.859996,8347156.819971
426353.039963,8347156.180040
426351.190011,8347153.020016
426345.910044,8347155.200043
426348.639972,8347163.530016
426343.170032,8347166.320035
426336.149955,8347170.519997
426333.399979,8347174.129962
426329.860020,8347175.539963
426320.820010,8347175.520041
426305.119980,8347172.270051
426294.809959,8347169.169972
426287.300026,8347168.839957
426282.639991,8347169.810020
426279.339952,8347170.139966
426276.320034,8347169.850021
426271.109966,8347170.319967
426263.940032,8347172.999970
426256.240044,8347178.669945
426246.209953,8347188.489960
426242.299965,8347192.190021
426241.450015,8347193.809962
426241.330000,8347196.770009
426219.210051,8347216.620017
426206.879976,8347221.560014
426206.829959,8347224.870032
426204.209955,8347226.849965
426203.030051,8347222.210021
426188.709984,8347220.519976
426173.460035,8347218.510033
426167.639963,8347216.689953
426163.819967,8347216.460017
426159.720001,8347214.330008
426157.790035,8347216.429982
426161.950014,8347223.949964
426152.600030,8347231.310044
426149.179963,8347234.909954
426147.700019,8347239.490021
426146.310017,8347246.110050
426146.549959,8347249.859984
426147.980014,8347254.249947
426148.750045,8347258.619951
426148.990009,8347262.120012
426150.039976,8347265.339964
426151.869954,8347269.390037
426152.649986,8347273.030032
426148.289977,8347278.829983
426136.850006,8347286.680022
426126.980020,8347291.469965
426112.770014,8347297.469958
426105.310033,8347299.959983
426097.869960,8347301.820022
426088.179997,8347303.129992
426080.790006,8347302.149997
426072.609952,8347302.059973
426066.910012,8347302.630011
426061.570047,8347305.030021
426060.419996,8347307.950045
426061.090048,8347314.910053
426063.639982,8347332.029946
426067.149957,8347343.029996
426066.359998,8347348.749949
426067.790009,8347355.410006
426070.180053,8347358.210024
426074.039967,8347358.580021
426077.490015,8347360.799951
426079.940033,8347365.940037
426081.609958,8347374.030053
426081.589990,8347378.049960
426081.920021,8347384.309958
426085.319995,8347394.719992
426089.999981,8347403.620040
426098.190015,8347416.519945
426104.530015,8347433.209993
426106.350001,8347445.950042
426109.009991,8347460.569994
426116.099983,8347483.840006
426123.220042,8347505.459998
426122.080010,8347510.530020
426124.020009,8347518.199987
426130.350043,8347528.460013
426137.580035,8347546.290001
426143.069978,8347563.049967
426151.539951,8347580.220001
426159.160052,8347602.810042
426163.560007,8347612.599964
426167.939968,8347619.499976
426172.020032,8347617.409963
426173.749982,8347615.349964
426177.370000,8347612.800043
426182.030000,8347612.079979
426185.039961,8347613.870021
426189.930037,8347613.309948
426196.799996,8347611.209968
426200.209950,8347611.420046
426205.319974,8347612.210004
426212.250034,8347611.889950
426219.350045,8347610.409991
426230.399992,8347598.269949
426244.440030,8347584.529953
426262.560040,8347568.439985
426267.800033,8347558.860025
426271.569999,8347552.460042
426277.519978,8347549.780028
426284.500021,8347547.440005
426290.509979,8347546.860028
426295.920046,8347546.599970
426303.589990,8347543.869950
426307.970043,8347536.420036
426312.999966,8347531.970040
426317.930005,8347530.580034
426324.870035,8347532.109963
426331.349962,8347534.210003
426338.590015,8347533.410041
426348.620026,8347530.239970
426354.149980,8347527.230014
426361.020006,8347520.490043
426366.310010,8347516.300001
426373.920001,8347513.790003
426380.960016,8347511.489957
426388.120028,8347507.729981
426398.930012,8347502.330036
426405.150012,8347496.400051
426410.429949,8347491.179952
426417.599977,8347484.129959
426424.539967,8347479.279990
426433.279987,8347472.719972
426445.020044,8347469.389985
426454.620003,8347468.160006
426460.579997,8347466.299945
426465.110026,8347463.700022
426470.379985,8347461.470049
426475.610012,8347459.810046
426480.960011,8347457.709955
426486.580017,8347455.199992
426506.899981,8347448.119980
426518.070033,8347447.590002
426527.469984,8347445.580008
426535.419997,8347442.470052
426540.889994,8347437.680016
426546.609987,8347435.140039
426552.019979,8347434.370002
426558.089986,8347432.540010
426560.070016,8347429.959993
