#Polynésie
#Rangiroa
#UTM zone 6S
#Source IGN
#clockwise410765.980001,8350016.780005
410767.830003,8350032.319956
410763.399972,8350047.479972
410757.480014,8350061.900055
410753.419970,8350080.030034
410746.390026,8350097.040015
410741.589969,8350106.290018
410737.149960,8350115.899978
410736.040039,8350121.819953
410737.149981,8350129.589955
410740.849969,8350137.720049
410742.320036,8350145.859964
410738.260045,8350171.380042
410730.860033,8350200.970029
410724.579954,8350229.449965
410717.189969,8350253.489971
410709.790024,8350271.980035
410703.510052,8350296.759993
410702.400032,8350320.429969
410702.770048,8350351.499993
410704.990046,8350377.390055
410704.990020,8350398.470020
410702.399988,8350426.579993
410697.590003,8350456.170011
410697.220008,8350473.549950
410700.920005,8350483.910050
410706.459988,8350494.999996
410706.460006,8350499.809993
410705.729999,8350519.039957
410704.989972,8350520.890003
410702.030008,8350520.150004
410700.549990,8350516.459996
410698.329972,8350498.700054
410689.089999,8350475.029955
410686.869983,8350468.370039
410687.979951,8350456.910007
410683.910001,8350442.849989
410683.540015,8350428.060001
410682.799995,8350410.310002
410676.150032,8350380.720024
410673.560011,8350344.470002
410673.560023,8350309.340003
410672.819988,8350290.100014
410669.499949,8350256.080034
410671.339947,8350224.270052
410675.039997,8350175.819954
410679.849992,8350146.600054
410682.799951,8350132.919980
410681.329986,8350128.850042
410675.040018,8350119.600024
410673.190003,8350114.419968
410673.929956,8350109.620032
410675.779986,8350101.109997
410678.740000,8350087.790014
410677.630042,8350080.029962
410672.449962,8350068.190044
410667.649982,8350054.510019
410666.540040,8350043.780054
410667.279996,8350038.230035
410670.969947,8350037.859976
410678.739947,8350041.559976
410683.170034,8350041.930040
410687.979970,8350045.999946
410687.609985,8350048.589951
410689.459996,8350053.770006
410694.630037,8350057.840038
410702.400053,8350057.100039
410706.089992,8350054.140026
410706.830012,8350047.849990
410706.089974,8350040.080038
410704.340013,8350033.999949
410697.689954,8350029.190020
410687.709994,8350025.859971
410675.509995,8350018.829952
410668.110016,8350009.220046
410665.529972,8350002.930004
410664.050048,8349994.790044
410664.790025,8349988.139955
410662.199956,8349978.890028
410658.129947,8349972.969959
410651.849993,8349970.010002
410644.449982,8349970.380029
410639.649961,8349971.120039
410633.730051,8349969.270009
410628.190034,8349967.419958
410619.679998,8349964.459958
410613.399962,8349964.459947
410607.109971,8349965.570034
410603.420014,8349965.569963
410596.759955,8349963.359981
410588.260051,8349963.359965
410580.130042,8349965.199978
410576.799956,8349967.419972
410574.210029,8349971.120001
410566.079949,8349972.229947
410558.320018,8349971.860023
410553.509958,8349974.450021
410547.219976,8349975.929991
410543.530017,8349975.930022
410540.939969,8349974.080029
410537.239982,8349970.750055
410532.809993,8349967.049996
410526.889983,8349965.200050
410520.610038,8349964.830006
410517.279960,8349967.420001
410516.170017,8349974.079987
410518.019958,8349984.069948
410525.040011,8350008.110036
410529.010048,8350012.339993
410532.709996,8350014.560052
410534.190023,8350018.260031
410540.840013,8350027.510000
410548.610022,8350031.949950
410552.300050,8350033.429952
410556.740025,8350063.379965
410562.289969,8350095.930046
410570.049996,8350127.739961
410578.919951,8350174.339979
410587.420050,8350218.349987
410591.860000,8350246.460008
410590.749973,8350267.540038
410588.159959,8350284.930050
410585.210005,8350307.859994
410586.320034,8350322.649989
410591.120048,8350346.690042
410587.790015,8350382.939976
410581.139985,8350409.940014
410569.680004,8350443.589973
410560.810044,8350464.310041
410554.520052,8350472.810003
410551.560037,8350473.180010
410548.610009,8350470.589987
410547.869963,8350462.829986
410550.090046,8350451.359948
410556.739951,8350425.470051
410558.590013,8350401.799965
410558.960029,8350369.620015
410556.740013,8350337.819972
410550.089957,8350316.359957
410541.579978,8350292.319961
410540.100015,8350267.910018
410538.260047,8350233.520002
410530.120012,8350204.300045
410521.620015,8350186.179990
410512.750004,8350177.300021
410508.679965,8350170.640022
410496.849964,8350145.859957
410494.260030,8350134.400025
410492.779974,8350124.410010
410489.089989,8350115.899946
410480.949973,8350107.029995
410476.150004,8350101.480049
410476.520009,8350074.109978
410482.059969,8350071.149950
410485.019992,8350063.750012
410483.909962,8350055.250041
410479.469952,8350045.630019
410469.960009,8350033.999949
410462.569971,8350028.450041
410452.949966,8350023.269980
410443.340008,8350016.240019
410437.430026,8350010.329948
410432.620007,8349999.600054
410427.079988,8349991.460030
410415.610002,8349983.700000
410406.739975,8349980.370004
410397.870040,8349979.629956
410387.890033,8349979.629967
410376.429960,8349983.699947
410367.919963,8349989.980008
410357.199982,8349997.379954
410350.919993,8350005.889965
410346.480042,8350009.590009
410336.130047,8350010.329958
410325.410051,8350014.400033
410313.949948,8350020.679970
410302.489970,8350025.490045
410290.290014,8350027.340035
410279.200014,8350028.079950
410267.370030,8350029.189971
410255.169949,8350030.670044
410246.669999,8350033.999988
410242.230028,8350040.280009
410238.530001,8350053.969950
410235.950039,8350062.479987
410232.249969,8350069.500035
410228.550023,8350074.679994
410221.530008,8350080.600012
410219.950047,8350089.269989
410217.730019,8350091.860018
410217.730041,8350096.670022
410221.430017,8350100.370055
410226.979956,8350102.960033
410232.519950,8350103.700040
410235.109965,8350100.739951
410237.699995,8350094.450005
410241.760013,8350088.160041
410245.460052,8350080.029966
410247.309957,8350069.300013
410248.790028,8350064.490030
410251.739987,8350063.750015
410254.329972,8350063.749996
410256.550033,8350066.339977
410256.920038,8350070.410024
410256.920033,8350087.790040
410254.330025,8350137.350000
410252.480051,8350195.789958
410249.899970,8350221.680010
410245.460012,8350240.910008
410238.809988,8350259.409949
410236.590020,8350270.870014
410230.669968,8350273.459991
410228.080037,8350272.349984
410226.239999,8350267.170038
410224.389986,8350240.909951
410220.690002,8350231.299956
410216.249961,8350222.050002
410214.780017,8350216.129987
410212.189956,8350213.909951
410207.379984,8350215.019959
410204.050012,8350220.199976
410200.730023,8350228.709999
410199.620011,8350243.129982
410197.399976,8350269.019944
410193.329989,8350301.199972
410186.310010,8350334.490015
410179.659977,8350364.809981
410177.069998,8350382.939982
410180.760026,8350398.099967
410185.200051,8350414.009972
410193.330045,8350440.630007
410195.550046,8350459.870053
410193.700020,8350474.290023
410192.959998,8350489.830047
410185.199997,8350512.020036
410182.610041,8350533.839947
410182.609953,8350534.579964
410180.389990,8350533.100005
410177.809959,8350520.889990
410176.700038,8350501.289962
410175.590025,8350497.220014
410172.630038,8350495.000025
410168.189991,8350499.439947
410150.819991,8350523.479960
410147.120006,8350526.069959
410141.210026,8350525.699996
410137.510010,8350522.739972
410137.140030,8350519.410053
410137.880010,8350515.350035
410140.470043,8350510.910030
410145.639994,8350502.029982
410151.190005,8350488.349985
410157.470007,8350465.789971
410159.319975,8350442.479947
410160.060033,8350416.219955
410157.099949,8350394.029996
410154.890021,8350368.880017
410153.780007,8350348.539966
410157.839997,8350318.579959
410162.280003,8350282.339966
410170.039966,8350212.069963
410169.670018,8350181.370008
410168.929967,8350162.129978
410163.759967,8350145.860045
410160.430017,8350138.829984
410153.039956,8350132.550028
410147.120028,8350125.889983
410143.060020,8350115.899984
410140.470049,8350109.250008
410140.470043,8350104.440003
410140.469958,8350096.300028
410138.720029,8350085.780005
410133.540052,8350076.530018
410122.819972,8350065.799980
410113.209973,8350060.259984
410101.750000,8350058.410025
410091.399975,8350054.339975
410082.890024,8350049.159950
410071.060045,8350041.389991
410067.740034,8350036.219953
410067.000033,8350030.670023
410067.370009,8350024.380044
410067.370026,8350019.940047
410065.519950,8350015.499954
410062.190007,8350013.659958
410055.170048,8350012.919989
410039.270042,8350015.500053
410029.659961,8350024.379975
410025.220011,8350036.959957
410023.739947,8350042.499991
410019.309965,8350047.680051
410015.239950,8350057.300023
410013.760019,8350060.629959
410012.280052,8350065.799984
410013.390006,8350069.500045
410018.469966,8350075.959961
410021.799977,8350077.440020
410024.020008,8350079.660015
410026.229950,8350082.989999
410029.560034,8350091.859950
410031.409959,8350099.630016
410032.889974,8350106.289990
410032.890031,8350109.249952
410030.299975,8350115.160025
410024.380026,8350122.559958
410018.099965,8350135.509998
410008.119957,8350161.029967
409999.619992,8350188.020049
409992.220004,8350216.869953
409988.160031,8350236.849990
409969.300011,8350254.599981
409962.279985,8350260.520040
409943.050016,8350301.940016
409919.019974,8350358.899988
409904.240053,8350395.879987
409901.649976,8350399.579950
409900.169962,8350399.580020
409898.320032,8350398.099988
409897.579957,8350393.289961
409897.580021,8350377.759980
409897.580034,8350343.359980
409901.279979,8350305.269947
409909.780027,8350259.039976
409919.759986,8350220.569945
409925.309991,8350213.169971
409927.900010,8350202.450010
409927.900008,8350188.019989
409919.389957,8350152.889967
409920.499950,8350145.119973
409924.939995,8350141.420004
409930.849965,8350140.309989
409937.509954,8350135.880015
409943.050029,8350127.739982
409945.639980,8350118.119981
409943.519988,8350112.039982
409938.339948,8350101.310023
409932.799973,8350094.280015
409926.139998,8350089.480003
409921.339950,8350084.669956
409918.379991,8350079.119959
409915.050024,8350072.829988
409916.160053,8350067.649947
409918.379951,8350063.959983
409917.639994,8350059.149955
409914.679962,8350055.820012
409909.509947,8350044.719962
409907.659982,8350033.629979
409905.069977,8350016.239975
409902.479965,8350008.849950
409897.309990,8350007.740033
409892.870052,8350009.959960
409886.220020,8350017.350032
409882.519971,8350019.939987
409876.240017,8350019.940005
409869.950032,8350017.720040
409860.339989,8350017.350000
409852.949952,8350018.829960
409838.900050,8350018.830006
409828.550015,8350018.830050
409816.719956,8350015.499959
409803.039966,8350010.329988
409791.579958,8350012.179970
409784.179996,8350018.830045
409771.979974,8350032.519958
409763.850025,8350041.389985
409757.199980,8350044.349978
409749.430032,8350045.830022
409741.670003,8350050.639963
409731.940051,8350057.559985
409721.799947,8350061.579995
409716.519991,8350062.849962
409711.020030,8350062.850005
409705.739954,8350064.750036
409703.630011,8350067.710002
409701.520009,8350070.029945
409698.980054,8350070.879954
409693.700046,8350070.880048
409682.809959,8350070.389956
409671.609952,8350068.060036
409655.980012,8350065.320035
409650.070041,8350065.319954
409644.570016,8350071.660027
409641.830031,8350079.480052
409640.140030,8350085.389948
409636.119966,8350091.309959
409634.430009,8350098.289951
409633.169947,8350105.899974
409625.770054,8350116.669994
409625.559959,8350119.839998
409627.040016,8350121.960006
409633.169962,8350123.439965
409640.140043,8350124.919998
409647.740048,8350125.129995
409653.450004,8350125.549992
409661.899994,8350127.880046
409665.700016,8350131.470042
409669.919970,8350140.980002
409673.300034,8350147.319976
409674.360004,8350153.449982
409673.300042,8350155.979963
409668.450051,8350156.829988
409667.179971,8350154.930016
409662.949972,8350149.219996
409660.000053,8350143.729956
409656.619991,8350140.980011
409653.659955,8350141.189956
409652.180041,8350142.250039
409650.700001,8350146.049961
409649.640003,8350150.070045
409648.800039,8350153.869950
409647.529955,8350159.150038
409646.260008,8350164.650030
409644.149966,8350171.620029
409642.670036,8350176.699995
409639.710035,8350176.699990
409639.079974,8350172.680050
409638.019972,8350166.759991
409635.490030,8350161.480045
409633.380047,8350155.560002
409632.530044,8350150.910050
409630.419948,8350146.900007
409627.669972,8350147.109968
409625.139954,8350148.800022
409622.180014,8350151.119957
409619.859965,8350153.660000
409615.210036,8350159.149989
409609.929949,8350163.380009
409605.700010,8350163.379959
409601.900022,8350163.170035
409599.149947,8350161.269999
409598.100002,8350158.099991
409598.520013,8350155.139954
409602.530003,8350151.550029
409605.070008,8350147.530006
409606.550039,8350141.399968
409604.650018,8350135.480052
409601.689951,8350132.310019
409598.310023,8350119.420039
409598.310015,8350112.019962
409599.149999,8350106.109954
409601.060034,8350103.570023
409605.069978,8350101.669973
409611.619967,8350099.979952
409617.959985,8350097.440051
409621.550017,8350094.060034
409623.240018,8350086.869984
409630.630050,8350077.570009
409635.910047,8350066.580043
409639.290044,8350060.029981
409643.309999,8350055.590005
409647.319948,8350054.540030
409650.700042,8350055.170028
409655.140053,8350057.070025
409661.470053,8350057.920002
409666.120012,8350058.339978
409669.920002,8350059.399973
409674.570007,8350057.500005
409678.489955,8350052.909984
409681.450033,8350042.769960
409683.770002,8350037.909970
409685.880018,8350033.049961
409687.149956,8350025.439974
409686.520026,8350018.250013
409684.190020,8350014.029970
409678.700015,8350009.799989
409673.629974,8350006.209955
409669.620012,8350001.340007
409666.869960,8349993.739953
409666.029966,8349987.180039
409665.390002,8349983.590025
409663.069971,8349981.060003
409655.679970,8349978.940026
409640.250019,8349973.869984
409610.470047,8349964.460031
409584.220020,8349955.590020
409557.970049,8349945.970004
409532.089977,8349940.790034
409517.310014,8349939.679975
409501.410050,8349941.160052
409487.359971,8349940.049971
409472.199995,8349933.770039
409458.529949,8349927.110018
409445.590041,8349914.530055
409437.080021,8349908.250047
409428.580011,8349907.140032
409417.490034,8349905.290033
409409.360036,8349902.330035
409400.850046,8349898.630015
409387.170047,8349890.489986
409376.449989,8349881.990044
409366.469965,8349873.849968
409356.490022,8349869.039975
409345.769970,8349865.709977
409340.220044,8349861.280024
409337.270048,8349854.250054
409331.350052,8349837.240027
409329.870049,8349829.469966
409325.809985,8349820.959952
409317.849948,8349820.530016
409310.869967,8349820.100032
409306.020000,8349819.680000
409299.259993,8349816.719958
409293.340028,8349815.029980
409287.209948,8349815.880049
409282.569954,8349818.830055
409280.879985,8349821.790029
409279.819976,8349824.749959
409279.399971,8349827.500044
409278.129987,8349829.189973
409274.959951,8349831.520019
409271.160041,8349836.380003
409269.470027,8349841.449973
409271.789970,8349851.589958
409273.060053,8349856.879996
409275.809981,8349859.199971
409279.609966,8349861.100047
409282.570021,8349861.529952
409283.409975,8349862.369945
409284.260023,8349865.539987
409284.260016,8349872.519952
409284.470011,8349886.889957
409287.639950,8349898.089986
409294.610045,8349913.730048
409295.450012,8349918.170030
409294.610036,8349920.910006
409292.070014,8349921.550022
409289.120020,8349920.280030
409282.139983,8349913.730001
409271.580032,8349902.099970
409259.749973,8349887.939981
409245.170004,8349872.309978
409239.259967,8349867.659948
409237.359949,8349867.440026
409234.609960,8349864.909987
409222.150025,8349850.539960
409213.910040,8349842.079992
409202.500016,8349827.079999
409194.690053,8349821.370015
409192.149950,8349821.579946
409191.089998,8349822.849995
409189.400042,8349823.479953
409187.289981,8349822.010045
409178.420003,8349810.590027
409178.000052,8349806.580048
409173.980051,8349795.379981
409169.550041,8349786.079952
409159.829984,8349774.029948
409144.829948,8349757.120004
409135.749952,8349748.249969
409125.389974,8349731.129987
409109.969949,8349709.359954
409102.789999,8349701.329950
409094.759995,8349692.660009
409090.750021,8349690.130030
409087.159985,8349690.759950
409077.229993,8349679.350017
409068.780012,8349671.949999
409064.339948,8349666.670019
409064.770012,8349664.759991
409065.400050,8349659.900046
409064.979957,8349652.509975
409063.289972,8349647.010036
409057.580024,8349638.979963
409054.200039,8349636.019975
409046.389971,8349629.259970
409040.889974,8349624.399945
409044.910032,8349611.289997
409051.029978,8349599.460005
409051.029950,8349597.770015
409049.979980,8349596.500025
409047.650030,8349595.869947
409043.849978,8349595.869989
409040.469966,8349594.390038
409037.510017,8349591.000021
409032.660005,8349589.529966
409029.059978,8349590.159949
409025.260051,8349590.579996
409021.039988,8349591.429957
409016.180012,8349589.950016
409011.949965,8349586.780046
409001.600047,8349573.249965
409000.539984,8349568.810015
409000.970050,8349565.430013
409002.020015,8349563.109968
409003.710011,8349561.419992
409007.730044,8349557.820027
409015.539982,8349555.500033
409025.050003,8349553.390036
409030.970035,8349552.749962
409036.459977,8349552.330035
409043.639978,8349549.579996
409049.130044,8349547.260019
409054.839997,8349547.049989
409059.909965,8349547.470027
409063.289992,8349548.520011
409066.029948,8349548.949993
409069.839994,8349548.949987
409072.580050,8349549.579962
409074.270037,8349551.060011
409075.120045,8349554.229952
409075.120053,8349558.669962
409074.479953,8349563.320031
409074.060024,8349567.119969
409075.540027,8349570.930006
409076.809978,8349573.890046
409077.020031,8349577.059988
409080.819966,8349583.399999
409083.139973,8349587.410013
409083.139988,8349591.000050
409083.420016,8349598.370010
409084.619972,8349603.560020
409085.949981,8349606.339984
409090.060037,8349608.879968
409093.680016,8349610.329962
409096.690042,8349609.969953
409101.279986,8349606.459967
409104.540052,8349604.889995
409107.079947,8349605.380051
409110.700038,8349605.979959
409113.110021,8349607.909960
409116.130006,8349610.929964
409117.340008,8349613.110043
409117.939996,8349615.760023
409118.420017,8349617.939983
409121.799965,8349619.749999
409126.750035,8349620.960026
409126.870019,8349622.530010
409127.599951,8349624.099988
409129.410024,8349625.540003
409131.580022,8349627.110031
409132.789995,8349628.930054
409133.999992,8349631.819953
409136.049977,8349633.639959
409138.219973,8349633.880053
409142.329951,8349632.789948
409146.790012,8349630.740031
409150.900007,8349626.870039
409154.209965,8349621.480023
409155.900008,8349617.680040
409156.960044,8349615.140013
409155.060019,8349612.180018
409151.889966,8349611.120005
409144.279959,8349607.950055
409137.309993,8349602.040035
409129.710049,8349592.740010
409122.520004,8349583.439992
409115.339984,8349571.389988
409107.740022,8349558.080020
409102.240003,8349547.510020
409096.120036,8349537.789957
409091.469955,8349532.929965
409085.769970,8349529.329989
409079.429990,8349526.590051
409070.560024,8349523.840050
409064.639999,8349519.190041
409058.729955,8349511.999997
409046.900051,8349493.190031
409033.589959,8349473.540054
409021.759978,8349453.459982
409016.479972,8349442.890020
409012.039967,8349429.579978
409009.719961,8349418.169974
409006.340051,8349411.609984
409002.109999,8349406.330012
408995.560052,8349401.260012
408985.210003,8349395.759965
408975.700010,8349388.579978
408965.770006,8349380.329951
408952.889993,8349366.599949
408947.179972,8349360.679951
408941.479955,8349354.759989
408933.030007,8349349.059968
408924.160028,8349346.730027
408916.129987,8349347.579950
408910.219997,8349349.690006
408905.779975,8349354.759989
408903.240004,8349361.949972
408900.920019,8349369.129953
408899.859947,8349373.990028
408899.860020,8349380.549994
408902.399961,8349389.210054
408903.880018,8349396.610032
408903.460046,8349398.719980
408900.709947,8349401.890044
408894.789992,8349406.329962
408891.410018,8349406.119969
408888.880035,8349404.220017
408881.700021,8349393.229964
408872.610006,8349379.910029
408866.059971,8349374.419981
408860.150003,8349373.359995
408855.500052,8349373.990042
408852.539968,8349380.329995
408851.580034,8349390.520036
408853.059980,8349397.550008
408842.339987,8349446.369974
408842.710037,8349454.509951
408845.669947,8349462.639997
408852.319970,8349472.999963
408853.060024,8349477.440030
408852.320024,8349484.839959
408848.620011,8349499.630028
408841.230038,8349504.809994
408829.769966,8349502.959958
408821.640023,8349501.110000
408818.679948,8349495.929966
408819.050015,8349490.380007
408819.790046,8349484.469964
408819.789959,8349456.730035
408824.589973,8349428.250021
408824.589947,8349416.040014
408823.120037,8349403.840001
408815.359958,8349393.230004
408811.140034,8349390.269982
408806.909975,8349389.629980
408803.110047,8349390.479955
408797.200009,8349393.019948
408789.589979,8349396.400001
408784.520039,8349399.139980
408780.510017,8349400.619993
408758.330051,8349414.150000
408744.589953,8349421.549998
408734.450045,8349424.719945
408708.050006,8349438.669964
408685.019999,8349450.920044
408652.279998,8349462.969973
408633.689987,8349474.809985
408609.819987,8349486.219979
408596.079949,8349491.919949
408583.409962,8349495.090011
408576.010028,8349496.360028
408560.169966,8349501.860033
408541.370051,8349506.719970
408519.610038,8349509.260016
408503.129990,8349512.849964
408476.939999,8349518.979992
408451.170009,8349525.949958
408433.419968,8349533.770044
408414.410013,8349542.009948
408398.350020,8349549.620004
408389.059973,8349555.750052
408377.279991,8349568.229986
408366.189975,8349582.279987
408353.250017,8349601.880025
408339.209955,8349625.550050
408325.159984,8349646.270012
408301.499977,8349671.050016
408266.009976,8349700.270008
408238.649949,8349722.459962
408215.729958,8349743.909977
408196.870023,8349759.069995
408187.030049,8349771.720005
408183.790025,8349798.899985
408194.150037,8349833.199970
408210.969953,8349872.689949
408220.020035,8349926.409953
408233.610035,8349973.659953
408260.779992,8350017.019988
408286.660054,8350062.329957
408305.980010,8350092.010044
408319.659984,8350121.970042
408339.989972,8350152.669972
408360.319948,8350189.649993
408380.650037,8350232.180038
408383.980041,8350249.940013
408385.090032,8350272.869974
408382.129950,8350303.200048
408371.040035,8350332.789947
408358.470022,8350364.220023
408352.189952,8350383.459966
408349.970013,8350403.800046
408354.779978,8350421.549983
408369.560021,8350453.730001
408393.959982,8350492.560003
408411.710030,8350514.380004
408429.080048,8350527.330015
408445.349986,8350535.830039
408456.439970,8350547.669978
408460.140024,8350559.879977
408464.940041,8350569.489951
408484.170034,8350580.590010
408522.250032,8350594.269985
408575.850012,8350612.020003
408609.860023,8350613.499948
408664.209977,8350619.420047
408686.019954,8350620.900006
408700.809976,8350613.870041
408724.470005,8350597.969982
408751.450050,8350586.870011
408771.790005,8350582.809958
408802.470030,8350580.219993
408849.049977,8350587.980028
408910.420044,8350601.669959
408968.459959,8350607.960032
409043.509990,8350612.390002
409094.530036,8350617.939949
409144.809952,8350624.970002
409178.450050,8350627.559974
409219.480017,8350627.189974
409268.650017,8350628.300048
409329.650029,8350630.150055
409395.090041,8350629.040045
409451.279959,8350628.669951
409488.250032,8350628.669959
409528.909959,8350623.490011
409602.850050,8350614.609953
409654.240022,8350612.760024
409701.560042,8350615.350006
409738.160008,8350621.640048
409784.739997,8350620.899979
409822.819962,8350622.750049
409870.139995,8350624.970019
409909.700020,8350621.639978
409951.100016,8350615.719985
409996.940002,8350602.780033
410012.839957,8350597.599958
410049.139954,8350590.869945
410069.839985,8350591.609983
410086.479995,8350599.009954
410119.379947,8350610.110003
410170.400046,8350616.390029
410219.940022,8350609.739973
410266.889958,8350603.079996
410316.419974,8350591.979980
410345.170025,8350582.919990
410376.870037,8350575.800036
410401.449969,8350577.740001
410431.210013,8350582.920004
410458.390036,8350591.979997
410481.680001,8350595.219982
410508.199951,8350595.220040
410549.609985,8350590.690048
410594.889981,8350578.389997
410616.239978,8350568.040036
410635.009980,8350562.859987
410654.410046,8350564.800042
410685.469954,8350560.270008
410732.050029,8350553.150025
410763.749949,8350537.609972
410794.159992,8350531.790036
410821.979967,8350527.910008
410862.090028,8350524.019972
410900.259986,8350520.140013
410943.610048,8350512.370016
410973.369989,8350515.610036
411018.650028,8350524.020028
411049.710052,8350524.019997
411082.050040,8350525.319986
411120.219953,8350529.200000
411153.869995,8350525.320000
411181.039951,8350522.730015
411222.439982,8350518.200054
411259.969992,8350512.369993
411289.730016,8350505.900039
411333.069994,8350489.070035
411373.829960,8350477.420024
411399.710033,8350470.949949
411426.879979,8350470.949965
411454.059975,8350477.419978
411481.230051,8350484.540007
411495.460040,8350485.840039
411540.100025,8350476.130017
411564.690014,8350469.010001
411591.859946,8350469.010051
411632.620043,8350446.349977
411674.180019,8350437.579961
411700.220032,8350422.849977
411735.319957,8350427.380051
411783.999985,8350429.650047
411828.159984,8350437.579945
411854.199966,8350447.770040
411887.029988,8350451.170002
411907.409982,8350445.509967
411916.470018,8350431.910012
411927.790030,8350418.320029
411947.040005,8350409.260034
411967.419993,8350409.260010
411982.130029,8350409.260023
411999.119998,8350413.790020
412016.669980,8350423.219985
412040.409948,8350426.189985
412057.230009,8350421.729967
412081.969963,8350426.190043
412117.589992,8350427.670038
412150.239999,8350421.239953
412176.960029,8350399.960019
412202.679995,8350379.659976
412220.490024,8350371.749969
412235.329961,8350375.210008
412255.119980,8350375.700035
412277.379951,8350373.729953
412302.609976,8350364.320044
412328.829976,8350349.470044
412359.010035,8350339.080023
412381.270048,8350332.149984
412396.119978,8350323.739985
412407.990032,8350318.289966
412416.890030,8350318.789998
412424.810013,8350329.680038
412440.150042,8350346.499967
412460.429993,8350351.950041
412476.259979,8350351.949978
412499.510011,8350352.940048
412536.620034,8350343.529970
412579.659948,8350333.139992
412629.619997,8350312.349976
412660.789968,8350297.999978
412687.010034,8350289.590040
412704.820002,8350282.159974
412720.649993,8350281.169970
412739.950006,8350289.090023
412764.680023,8350291.570018
412792.390004,8350288.600014
412819.099995,8350274.739958
412840.870042,8350258.400040
412855.209971,8350254.940023
412872.530044,8350254.450016
412892.319996,8350259.889975
412915.079954,8350261.869965
412941.789966,8350261.870031
412982.850010,8350249.000013
413002.149965,8350231.180017
413030.350007,8350212.870032
413040.489961,8350208.910040
413038.500016,8350194.740027
413025.140027,8350168.009974
413013.759966,8350134.359971
413007.329988,8350122.970043
412995.949961,8350100.210052
412985.069984,8350060.119974
412980.120024,8350023.000004
412982.599978,8349991.319988
412986.060006,8349984.890034
412990.019969,8349989.339978
412997.929983,8350019.040051
412997.930002,8350043.290019
413002.389988,8350071.499952
413008.320029,8350086.349976
413023.160000,8350117.530034
413029.599965,8350149.699973
413039.649976,8350172.139969
413045.470028,8350187.169993
413047.569952,8350195.080052
413055.279958,8350205.329976
413081.300035,8350207.429948
413099.609946,8350206.929989
413113.949996,8350201.490039
413123.850010,8350202.969948
413141.159968,8350202.969956
413158.479974,8350197.029978
413171.829959,8350193.570055
413184.700051,8350193.569961
413194.100039,8350190.599987
413204.979989,8350185.649955
413211.909982,8350174.270049
413238.129992,8350169.810018
413281.169979,8350163.869947
413309.370010,8350163.380008
413324.699964,8350166.840040
413339.050023,8350163.870021
413354.880021,8350147.040023
413377.140025,8350132.690047
413389.019965,8350124.770010
413410.779969,8350124.279982
413429.580038,8350128.239983
413447.889975,8350132.199966
413462.729978,8350127.249986
413469.160053,8350120.320002
413470.639954,8350107.940052
413476.089959,8350100.030017
413484.000001,8350095.569987
413489.939977,8350088.149973
413495.879947,8350083.199983
413503.790030,8350078.250034
413514.179958,8350076.269980
413523.579982,8350076.269995
413539.910053,8350072.799959
413548.810046,8350068.840034
413561.179970,8350068.350013
413565.140018,8350075.279945
413572.559958,8350088.640014
413580.969984,8350094.579976
413598.279953,8350094.579990
413613.620000,8350088.150042
413623.020041,8350083.200014
413644.289961,8350079.730040
413660.620036,8350076.760010
413694.259994,8350063.399996
413707.620050,8350058.950039
413719.490028,8350052.020032
413729.379991,8350045.089960
413735.380016,8350035.099976
413737.070019,8350022.370016
413735.660034,8350005.969969
413729.440030,8349980.799977
413719.830033,8349953.080037
413710.780026,8349923.950005
413704.279968,8349900.189993
413697.780041,8349872.760006
413695.519960,8349850.700054
413687.600003,8349812.239980
413681.659960,8349779.710015
413672.620051,8349747.189989
413658.769999,8349706.739999
413645.759988,8349672.519970
413620.599968,8349621.330027
413600.250028,8349594.460020
413587.530018,8349582.869993
413584.130008,8349578.909983
413574.520013,8349567.599977
413561.239980,8349542.710036
413546.249961,8349527.999968
413532.679995,8349512.160006
413529.010053,8349503.109961
413516.459970,8349480.449965
413507.690015,8349478.190031
413490.729994,8349473.950004
413477.159972,8349470.839989
413461.050043,8349471.689965
413445.779979,8349469.989981
413427.970053,8349469.710048
413416.100050,8349468.290039
413402.249957,8349470.560042
413392.069987,8349471.119949
413379.909963,8349468.289973
413367.760047,8349462.640014
413355.320046,8349455.570032
413348.250036,8349450.480034
413345.709978,8349449.340017
413344.009960,8349449.910050
413342.319997,8349451.890015
413336.660028,8349456.980020
413331.859981,8349460.370004
413324.790007,8349464.619976
413318.290034,8349466.029988
413310.940009,8349466.030008
413304.149948,8349466.880028
413299.910021,8349469.710003
413296.519989,8349474.230043
413291.430019,8349485.260015
413286.910012,8349491.770010
413279.269950,8349496.860014
413269.099982,8349500.529950
413263.439994,8349502.800037
413256.379952,8349509.019965
413244.780018,8349517.499987
413247.919981,8349522.949972
413251.599951,8349524.640017
413255.270015,8349525.769983
413258.950032,8349525.489978
413263.189963,8349523.790050
413265.160012,8349524.360002
413266.859997,8349529.170055
413269.409954,8349537.369992
413268.839949,8349543.590005
413269.970022,8349551.510026
413272.799977,8349556.319972
413280.999949,8349561.979993
413287.219948,8349565.090021
413292.019996,8349565.090055
413297.110051,8349562.259954
413298.520044,8349558.860011
413298.520012,8349551.509993
413299.650038,8349542.740017
413304.739953,8349535.110009
413309.270034,8349531.430014
413317.460017,8349527.470043
413332.159969,8349520.680019
413344.889947,8349515.879999
413353.370041,8349509.650036
413356.760005,8349504.850022
413358.169999,8349499.189995
413359.019999,8349494.380006
413362.409996,8349489.570036
413365.520030,8349489.570018
413370.329992,8349491.549966
413381.070031,8349495.229967
413391.529982,8349497.489984
413403.690046,8349498.620027
413415.840005,8349498.619987
413423.470050,8349497.209946
413436.759946,8349501.170047
413451.180005,8349506.829953
413453.719999,8349510.219971
413453.160048,8349514.180054
413451.179995,8349518.990049
413453.440048,8349526.059981
413457.120032,8349534.260001
413459.659991,8349539.920053
413461.070003,8349546.140042
413464.470029,8349555.469973
413466.439971,8349562.820035
413466.730004,8349569.609951
413463.049962,8349573.849995
413460.229971,8349576.680046
413457.400040,8349579.790027
413457.120013,8349587.149980
413467.009977,8349619.110047
413472.380031,8349634.939963
413479.449996,8349642.859996
413479.169950,8349649.930027
413482.279978,8349665.490051
413481.139960,8349668.029955
413479.449950,8349668.030037
413476.059992,8349663.789972
413465.880006,8349635.789975
413457.960006,8349619.110049
413447.790042,8349595.069973
413433.089987,8349574.989985
413418.949954,8349552.930019
413413.299953,8349541.329976
413408.209969,8349531.430005
413401.989997,8349524.360002
413393.229999,8349520.119948
413383.609970,8349516.719993
413377.959978,8349516.440030
413372.590011,8349516.440051
413364.959997,8349518.700039
413356.479958,8349521.530041
413348.840012,8349521.809985
413340.359963,8349525.770022
413325.660049,8349533.410015
413310.679968,8349540.479982
413305.870004,8349547.549967
413304.179988,8349558.859952
413302.480003,8349565.649960
413298.519991,8349570.179992
413286.629984,8349573.850008
413277.590052,8349579.510024
413273.630004,8349587.429952
413276.460025,8349592.519973
413281.540024,8349594.779998
413290.019988,8349595.629952
413296.529994,8349600.720037
413305.859976,8349613.170026
413316.879991,8349626.179983
413330.449976,8349645.409969
413342.890044,8349671.430031
413345.429978,8349692.919947
413348.259965,8349716.109956
413349.389971,8349733.650022
413352.500033,8349748.350036
413361.829966,8349769.569974
413372.570043,8349798.699982
413382.749976,8349819.340047
413381.339986,8349821.609955
413376.460048,8349821.530010
413367.979999,8349804.850021
413353.279950,8349775.720048
413336.600004,8349744.320045
413334.340007,8349736.970027
413334.340049,8349707.269974
413330.379989,8349682.389989
413322.750036,8349663.720001
413316.530011,8349652.119972
413303.809956,8349645.049949
413293.630004,8349633.180040
413284.299972,8349615.639998
413274.689978,8349605.460017
413269.319959,8349600.930009
413264.510043,8349600.090037
413259.139978,8349603.760009
413258.009953,8349607.720013
413254.330034,8349610.550020
413248.679996,8349609.979996
413240.480002,8349606.310035
413230.020014,8349605.740037
413219.000004,8349599.799980
413212.780051,8349596.409968
413211.360010,8349592.170040
413211.650041,8349588.209978
413214.189955,8349587.079972
413215.889962,8349587.079945
413218.999985,8349589.340026
413228.610022,8349591.879981
413234.830047,8349592.730053
413239.350018,8349596.410009
413250.939994,8349596.410010
413255.749991,8349596.130010
413257.440004,8349592.450013
413256.310031,8349588.210033
413255.179973,8349580.850054
413256.600030,8349571.799948
413259.419957,8349565.019977
413258.009948,8349559.080050
413252.070047,8349552.850034
413244.720040,8349548.329985
413228.889982,8349548.890016
413213.340005,8349550.870020
413207.410024,8349554.270039
413204.009966,8349554.549946
413201.749963,8349552.850003
413200.620050,8349548.330055
413201.470031,8349546.350038
413203.170001,8349545.500048
413205.990018,8349545.220028
413206.559986,8349543.519956
413208.250014,8349541.260034
413209.950032,8349540.129967
413213.340002,8349539.280025
413215.889961,8349539.559951
413219.560051,8349538.429953
413219.840017,8349534.189998
413217.650001,8349527.400040
413210.010008,8349531.929980
413200.679962,8349536.739946
413197.009947,8349542.680025
413196.439963,8349554.550019
413195.029961,8349561.060002
413191.070009,8349567.849988
413184.010027,8349572.650046
413176.940033,8349575.200050
413165.910038,8349576.609950
413151.779960,8349578.030049
413127.750029,8349583.120004
413110.789974,8349588.209955
413091.000001,8349591.890004
413071.490052,8349596.409957
413051.139969,8349599.809963
413036.719993,8349602.920021
413008.450019,8349609.420047
412999.120053,8349611.969967
412992.619995,8349617.910012
412987.810025,8349621.579972
412980.750052,8349624.410033
412971.980006,8349626.959988
412958.699952,8349625.820012
412951.630051,8349625.819948
412947.390021,8349629.219972
412942.299995,8349637.699985
412941.170018,8349645.060055
412941.349960,8349648.989970
412943.899954,8349652.100005
412948.419982,8349653.509980
412951.530042,8349657.470026
412954.080042,8349664.539960
412951.249985,8349685.189967
412950.399986,8349691.690030
412946.720041,8349695.369957
412942.769971,8349695.369962
412937.399958,8349691.409987
412931.459982,8349686.040030
412930.610002,8349680.949981
412934.569965,8349671.049987
412934.850039,8349665.109995
412932.019947,8349659.169965
412921.950013,8349653.820038
412917.989949,8349651.839996
412909.789982,8349650.150036
412901.310005,8349649.299948
412893.390007,8349652.689993
412890.279968,8349655.520031
412878.690022,8349660.610021
412866.540038,8349663.719950
412852.120012,8349667.120042
412828.090022,8349672.769968
412798.119983,8349678.149999
412782.580036,8349680.409953
412772.399979,8349679.279960
412762.790052,8349677.299975
412750.629997,8349675.880020
412743.850049,8349678.149996
412738.189999,8349680.410007
412731.690031,8349681.260043
412714.449986,8349682.949947
412704.829949,8349683.240051
412697.479971,8349684.089962
412692.109954,8349687.479957
412688.719989,8349691.439986
412684.760018,8349694.269994
412677.409997,8349696.809984
412669.780009,8349698.790012
412666.389948,8349703.600003
412662.999954,8349709.540035
412656.490033,8349714.350028
412645.750012,8349719.999957
412629.350010,8349725.379996
412613.810023,8349728.490029
412600.239976,8349729.050054
412583.839991,8349728.209964
412575.359960,8349729.339989
412561.509971,8349736.689951
412551.049992,8349741.780046
412541.150038,8349746.020006
412528.150014,8349749.699977
412512.319952,8349750.829984
412499.600009,8349750.830032
412492.530018,8349751.959987
412480.939968,8349755.070003
412470.759969,8349756.210034
412456.339985,8349755.920000
412444.190015,8349753.939995
412437.119975,8349754.230034
412427.789973,8349757.900045
412417.049978,8349759.319960
412408.289988,8349758.179968
412400.940022,8349756.489960
412397.830053,8349756.489965
412391.609950,8349758.179949
412383.969963,8349757.620022
412377.190030,8349755.639960
412367.009958,8349757.619956
412344.960047,8349761.010050
412331.110016,8349760.450027
412322.629965,8349763.280006
412318.110049,8349768.649947
412320.380020,8349771.229954
412322.360019,8349772.929952
412325.749958,8349772.929987
412328.860041,8349773.779957
412331.120049,8349776.319994
412334.229975,8349779.149971
412335.649996,8349781.420016
412337.629985,8349782.829980
412341.300054,8349783.959976
412342.149964,8349784.809958
412343.000026,8349787.350027
412344.410042,8349791.030044
412347.240010,8349794.709954
412351.760046,8349797.819973
412359.110033,8349797.540054
412364.479968,8349797.540036
412366.739969,8349796.120054
412367.310016,8349794.710032
412367.309950,8349791.879947
412368.160012,8349788.489947
412370.140049,8349787.920011
412373.809968,8349789.620000
412379.749955,8349794.140024
412387.660046,8349795.840054
412398.689993,8349795.839961
412413.950048,8349794.710042
412424.980021,8349791.029998
412431.760041,8349786.789946
412440.240018,8349781.980032
412454.379975,8349779.439962
412463.710020,8349777.169994
412469.640009,8349778.870052
412473.599987,8349784.809962
412476.989962,8349795.559977
412477.979979,8349819.030004
412483.429968,8349834.369999
412496.290030,8349856.649976
412512.120031,8349882.380043
412524.980039,8349903.660042
412527.949970,8349915.049967
412527.459990,8349921.479990
412524.979999,8349925.440007
412488.869990,8349889.309988
412473.530020,8349880.900013
412461.660043,8349865.550022
412460.669965,8349856.649972
412461.160041,8349845.759955
412462.649987,8349838.829961
412460.170015,8349827.940027
412454.240040,8349822.499966
412450.280028,8349815.069960
412448.799970,8349806.160041
412443.349957,8349798.739955
412433.460034,8349796.760032
412427.029991,8349798.239973
412421.589953,8349802.199985
412411.690038,8349807.150042
412406.739964,8349835.859949
412406.739976,8349871.989999
412415.150030,8349930.389971
412426.040042,8349969.489958
412440.880049,8350003.639995
412450.279955,8350033.830011
412454.729978,8350060.560018
412466.610000,8350118.470013
412472.050016,8350170.930007
412475.509960,8350207.059976
412473.040013,8350259.520012
412470.560017,8350264.470029
412467.099990,8350264.469983
412462.150038,8350258.039973
412457.209952,8350244.179996
412451.760019,8350223.889987
412443.350039,8350204.589990
412438.899980,8350162.020040
412434.939975,8350138.259956
412428.510041,8350112.029982
412422.080008,8350088.770014
412412.189981,8350068.479999
412395.860019,8350034.820046
412376.069948,8349990.280042
412369.640039,8349967.509967
412366.180048,8349944.459961
412363.070030,8349919.859972
412359.390040,8349901.759951
412355.150026,8349889.879970
412346.949959,8349878.280046
412337.629956,8349858.480000
412330.839972,8349838.689994
412328.860003,8349827.940034
412330.560014,8349820.020037
412331.689988,8349813.799984
412327.729978,8349805.029966
412322.359980,8349797.680053
412315.009990,8349789.479995
412313.600033,8349784.670044
412309.919997,8349777.309951
412298.029998,8349771.189952
412293.230016,8349764.410018
412289.549987,8349760.159972
412286.439965,8349755.070014
412282.489994,8349753.660013
412277.400040,8349755.359974
412274.010035,8349761.010035
412269.759985,8349765.259985
412253.089980,8349767.799958
412233.010047,8349767.520002
412214.920038,8349769.779971
412208.699986,8349770.630009
412206.439979,8349767.800037
412208.139968,8349762.710021
412208.140053,8349756.209952
412197.959977,8349752.530039
412196.940011,8349756.520050
412192.980000,8349762.739999
412189.030037,8349770.939992
412186.200045,8349781.690012
412186.200019,8349785.359996
412188.179995,8349791.020023
412189.589976,8349795.259983
412189.310051,8349801.490010
412187.330015,8349808.269969
412184.219976,8349810.249955
412180.539951,8349811.949984
412176.589959,8349824.109993
412177.649951,8349832.980009
412179.630007,8349844.860029
412180.620010,8349865.150012
412174.180004,8349884.950019
412166.759961,8349900.289969
412165.770026,8349928.500020
412154.889989,8349969.089961
412141.040032,8349996.800044
412133.619951,8350013.629970
412130.150039,8350017.589965
412127.679980,8350006.700027
412126.690028,8349977.999982
412126.689957,8349963.640052
412130.149974,8349930.479981
412130.080024,8349909.200051
412125.559953,8349895.909979
412121.040020,8349878.660000
412118.780002,8349861.689991
412115.669970,8349845.570033
412112.840035,8349834.539947
412109.729985,8349828.030000
412108.029984,8349824.070041
412107.180012,8349819.549954
412108.030044,8349815.300040
412110.860000,8349808.229968
412112.839953,8349800.600049
412115.099970,8349799.179979
412116.799991,8349800.879962
412121.320024,8349800.879973
412128.670047,8349795.790031
412134.039984,8349788.440028
412137.720004,8349788.440049
412142.239954,8349791.829965
412149.520024,8349792.900020
412153.879947,8349792.420032
412158.730042,8349790.640016
412166.159950,8349784.499955
412171.489979,8349780.779962
412173.909975,8349775.450013
412174.719989,8349769.470041
412176.169994,8349765.590012
412179.569973,8349761.390053
412182.470049,8349757.830046
412184.250045,8349757.990003
412187.000027,8349757.990031
412190.389987,8349756.050009
412193.020002,8349751.490046
412187.220028,8349750.270022
412176.479963,8349747.719967
412164.879991,8349746.020034
412154.990036,8349748.570010
412153.289976,8349753.939989
412151.879948,8349758.179994
412145.099959,8349759.880027
412140.290000,8349763.560001
412133.509974,8349761.579979
412123.890026,8349762.709973
412112.869950,8349767.519960
412101.000023,8349770.059985
412084.599951,8349768.649997
412071.309982,8349769.779978
412040.500029,8349768.369976
412026.650039,8349772.329951
412008.270021,8349783.919964
411999.739972,8349791.000031
411987.539968,8349795.810046
411973.859947,8349798.029978
411962.029989,8349799.140051
411954.639965,8349796.180007
411946.130003,8349795.809982
411938.369956,8349795.809958
411933.199965,8349799.140019
411930.979979,8349803.210004
411926.909958,8349804.319976
411912.119948,8349806.539990
411898.080031,8349804.320013
411888.830048,8349801.359957
411880.559948,8349800.840024
411883.529968,8349807.709984
411885.750026,8349811.040043
411890.190003,8349815.839945
411892.770053,8349819.170001
411891.670040,8349822.129992
411893.879954,8349826.200027
411898.689965,8349827.309954
411900.909955,8349829.899996
411904.230029,8349834.710040
411909.040006,8349836.559979
411918.280040,8349839.510035
411921.979967,8349839.510051
411924.939979,8349836.189997
411931.590050,8349825.090031
411933.810004,8349822.869973
411937.879991,8349821.389992
411941.569950,8349821.759976
411944.899954,8349821.389947
411948.230023,8349817.319954
411951.549987,8349816.579991
411954.879955,8349816.949975
411957.100017,8349816.949960
411959.689962,8349815.839956
411963.750022,8349817.319993
411966.340011,8349819.909952
411969.670019,8349821.759964
411978.169982,8349819.910009
411985.569998,8349816.209950
411988.150005,8349813.619987
411989.630004,8349822.499967
411991.110015,8349834.710014
411995.180011,8349845.799986
411997.399980,8349858.750003
411997.399960,8349872.059980
411997.770032,8349883.530021
411994.629966,8349889.660039
411989.829979,8349888.919956
411985.389965,8349882.629979
411979.469956,8349868.570042
411974.670032,8349863.400044
411970.969953,8349861.920006
411968.379985,8349868.939953
411969.120034,8349892.979991
411974.669974,8349929.599947
411986.870014,8349965.850019
411999.070019,8349992.850011
412001.790004,8350012.769947
412008.579946,8350028.039993
412017.339958,8350049.820007
412021.019984,8350063.109997
412020.169993,8350070.180039
412016.489956,8350073.009977
412011.690042,8350069.899973
412006.320015,8350057.740005
412000.180018,8350046.099969
411987.980031,8350032.420023
411978.740030,8350010.229951
411968.379968,8349981.750052
411958.030028,8349961.780022
411951.749993,8349951.790053
411947.309957,8349935.890054
411945.089967,8349921.460003
411941.769951,8349898.159995
411939.180006,8349881.150032
411933.629987,8349871.159978
411929.570024,8349867.460003
411927.719988,8349870.049992
411922.539971,8349914.810004
411921.060031,8349915.179983
411921.060027,8349909.629983
411919.579985,8349856.740022
411911.820025,8349852.300011
411899.250052,8349847.859984
411889.270033,8349844.529999
411883.360013,8349836.770043
411883.359947,8349831.590049
411875.590046,8349819.749950
411870.790047,8349813.470017
411870.789949,8349807.920015
411871.089997,8349800.249964
411842.619983,8349802.839985
411829.310001,8349805.799997
411814.890031,8349801.729971
411798.629999,8349797.660010
411791.789982,8349797.660011
411788.150001,8349804.009945
411788.149984,8349807.340013
411792.219986,8349811.779956
411797.760044,8349813.249993
411801.460051,8349818.800031
411805.159987,8349824.719964
411805.900012,8349832.119967
411809.220022,8349839.510012
411812.919967,8349844.320032
411818.100037,8349847.280050
411826.599981,8349847.279963
411833.990043,8349850.610055
411842.499998,8349860.969988
411848.779959,8349872.799961
411856.909961,8349886.860001
411857.279992,8349903.869982
411861.719984,8349927.910055
411866.159963,8349943.809962
411865.419990,8349956.390033
411864.680044,8349975.619951
411863.570022,8349999.660040
411863.569961,8350017.780006
411860.610052,8350051.810006
411860.609951,8350071.780008
411860.610032,8350091.380003
411857.649962,8350107.290037
411854.699957,8350128.000027
411853.960024,8350158.699950
411853.590014,8350166.469959
411852.110022,8350166.470038
411849.149972,8350163.510026
411844.339992,8350148.710040
411841.760016,8350128.740046
411840.279999,8350108.400004
411842.869961,8350082.510022
411841.760036,8350052.920051
411836.950009,8350026.290000
411834.360028,8349976.729988
411832.139950,8349951.950000
411826.230017,8349936.049978
411814.769956,8349923.099955
411808.849977,8349914.219967
411804.050007,8349900.169974
411799.240051,8349883.900008
411798.869975,8349862.450043
411799.980034,8349852.829958
411798.870032,8349842.099961
411793.700037,8349832.120010
411785.560050,8349818.800034
411778.170044,8349808.079952
411769.419956,8349799.879974
411741.700020,8349807.279975
411724.690031,8349813.930006
411700.289981,8349818.739989
411688.089991,8349824.659989
411686.239975,8349830.210022
411688.459956,8349835.390028
411688.459952,8349839.820053
411685.870035,8349843.889979
411678.849997,8349846.850009
411669.609956,8349846.849965
411662.210038,8349848.700003
411637.810000,8349854.250052
411627.460013,8349857.210046
411621.180044,8349861.280051
411613.779956,8349864.600039
411599.359958,8349870.519980
411587.529998,8349872.369997
411576.810032,8349867.929997
411566.089957,8349861.280012
411561.659947,8349860.169985
411554.879959,8349872.060055
411555.989952,8349876.130040
411559.680007,8349880.200050
411562.269978,8349881.680031
411565.969977,8349882.420007
411567.079973,8349883.900048
411567.450027,8349887.230047
411568.559982,8349894.250027
411572.989968,8349900.170042
411576.689963,8349914.590014
411576.689996,8349927.909960
411580.760038,8349941.589955
411582.600013,8349949.359947
411579.280005,8349961.569989
411572.250031,8349987.460032
411564.119988,8350023.700028
411560.049984,8350032.209983
411555.619953,8350040.350038
411551.919991,8350050.329997
411547.849960,8350062.540028
411544.899991,8350062.539963
411541.200027,8350059.949947
411540.459954,8350048.479959
411541.199992,8350028.510023
411541.939975,8349983.389960
411544.899953,8349948.619957
411542.309999,8349940.849954
411538.240014,8349934.199987
411537.129949,8349916.070039
411540.090025,8349912.750029
411541.570036,8349910.530035
411541.569979,8349907.199965
411540.459947,8349898.689997
411537.130043,8349891.290029
411530.479969,8349880.200051
411523.449949,8349873.170012
411515.079962,8349864.230000
411498.810035,8349868.299970
411482.169951,8349877.179987
411475.889987,8349887.169970
411474.779970,8349897.149990
411471.080025,8349905.289966
411463.319963,8349913.420005
411459.989998,8349920.079990
411457.399978,8349928.959995
411459.989975,8349942.639957
411473.539988,8349952.690041
411475.020017,8349956.019946
411480.199993,8349973.769950
411485.010005,8349998.549947
411489.069980,8350015.930000
411489.070005,8350027.030011
411495.359963,8350046.999958
411501.269962,8350067.340054
411500.900004,8350075.849969
411496.839998,8350080.659986
411495.360018,8350091.009971
411493.510021,8350123.930054
411497.569994,8350160.919957
411505.710009,8350197.899947
411505.709953,8350217.140014
411506.079964,8350236.739953
411501.270037,8350259.670052
411496.470011,8350306.269947
411489.439956,8350348.800026
411480.199976,8350385.050050
411473.540038,8350403.169949
411473.180041,8350417.970030
411470.589988,8350422.399988
411468.739977,8350422.400002
411466.150029,8350418.340027
411461.339965,8350397.619945
411458.760051,8350373.580035
411460.609989,8350356.939963
411459.130043,8350326.980016
411452.100012,8350271.869981
411445.079953,8350232.299969
411436.949961,8350192.719982
411428.809972,8350135.770052
411423.640034,8350097.669980
411417.349952,8350069.929959
411403.299964,8350042.189963
411392.950031,8350025.179948
411380.010044,8350012.610053
411358.569954,8349992.259954
411344.150022,8349979.689974
411334.910026,8349972.289978
411327.889969,8349963.420054
411324.190016,8349954.539979
411322.709955,8349946.029953
411323.450052,8349941.589946
411326.040016,8349940.110000
411334.170038,8349944.920036
411341.199972,8349948.250053
411341.930043,8349952.319969
411348.589990,8349960.090034
411352.289947,8349964.530011
411355.980048,8349968.959995
411362.639994,8349970.810041
411366.329953,8349975.249978
411373.360028,8349975.990041
411375.950003,8349978.949963
411377.059948,8349984.129981
411377.060014,8349989.309980
411385.189959,8349992.260002
411390.360027,8349991.149989
411395.170027,8349986.719965
411396.649986,8349979.319980
411393.819997,8349965.569986
411383.839953,8349953.740005
411370.529978,8349943.010032
411357.960028,8349937.469981
411345.389959,8349931.179953
411337.249990,8349924.149947
411330.970001,8349917.119974
411323.949963,8349909.729969
411317.290039,8349901.960006
411309.900023,8349898.629973
411299.179986,8349889.749973
411292.150025,8349877.180031
411288.459988,8349872.739969
411283.650040,8349872.370045
411279.950017,8349874.219970
411272.559965,8349880.880030
411267.749998,8349887.910041
411267.379997,8349894.929971
411264.430034,8349899.369966
411252.959972,8349906.769947
411243.350044,8349916.010050
411233.369999,8349924.150036
411225.980001,8349930.439964
411220.800010,8349932.660038
411213.409975,8349933.769961
411203.800028,8349934.140034
411197.140004,8349935.620015
411187.899971,8349942.269976
411183.820045,8349948.580032
411179.390000,8349954.490021
411176.800047,8349961.149953
411175.689991,8349968.179966
411176.800001,8349979.269948
411180.130008,8349989.630035
411179.389991,8349994.070039
411173.099989,8350011.820015
411169.769950,8350023.659966
411167.559947,8350034.009995
411163.120015,8350042.519956
411154.989994,8350058.420025
411152.030039,8350075.070014
411150.919979,8350103.910036
411150.920046,8350127.210032
411150.550053,8350164.199946
411146.110023,8350209.690018
411146.479974,8350242.610045
411145.010009,8350271.830018
411146.849988,8350311.030039
411145.740006,8350365.400052
411146.479998,8350398.690018
411149.070036,8350427.540010
411149.070023,8350455.270029
411147.220017,8350471.550035
411144.270034,8350473.769971
411140.570035,8350472.660037
411137.609958,8350463.780029
411133.909967,8350451.950041
411128.370015,8350446.770044
411126.890038,8350424.950009
411118.389994,8350392.770007
411116.910033,8350374.280041
411110.620053,8350339.139991
411108.780048,8350328.049952
411108.779951,8350309.920003
411108.039984,8350287.730049
411105.449947,8350271.089979
411096.950018,8350245.940002
411096.950011,8350237.430039
411098.420025,8350224.859984
411099.160013,8350204.509968
411086.590014,8350177.509978
411082.159994,8350169.009990
411080.679958,8350164.940043
411077.720021,8350162.350049
411075.130045,8350160.870016
411072.179990,8350159.759979
411069.220034,8350161.979978
411065.150027,8350166.790000
411058.500028,8350177.880017
411055.910051,8350181.579984
411052.949953,8350181.580043
411050.730053,8350177.880006
411050.730027,8350169.379997
411050.730051,8350139.049953
411048.149968,8350103.170041
411045.560034,8350090.600048
411041.860008,8350080.980019
411041.120024,8350077.649960
411042.229979,8350070.630016
411041.860004,8350063.970043
411040.379959,8350059.529974
411038.530048,8350055.459975
411038.160041,8350051.759956
411040.009949,8350045.850023
411041.860041,8350038.819999
411041.490044,8350031.790018
411039.270026,8350025.870040
411035.590049,8350021.420021
411027.450038,8350019.940030
411010.079968,8350015.870053
410997.140011,8350009.589967
410979.389953,8350001.820020
410963.129956,8349997.010028
410942.420054,8349991.090030
410930.220010,8349984.810005
410917.660042,8349977.039973
410905.090012,8349970.010023
410897.320046,8349967.050003
410894.360026,8349964.089975
410889.190024,8349959.660045
410884.750017,8349958.549965
410879.949989,8349958.920014
410876.620043,8349964.459947
410872.549983,8349974.450053
410869.959977,8349977.779993
410865.900036,8349979.999962
410858.869966,8349979.259970
410851.479952,8349977.410049
410846.670015,8349971.490024
410845.569991,8349966.680020
410842.609996,8349964.089993
410837.429999,8349963.729995
410835.579989,8349964.460020
410833.000008,8349970.380051
410832.260034,8349974.820048
410832.260031,8349978.890029
410837.310046,8349984.979972
410839.529952,8349989.789946
410839.889993,8349992.750027
410839.890012,8349997.190016
410842.110018,8350003.850031
410843.219956,8350012.349979
410844.329994,8350019.379959
410840.259969,8350029.730003
410836.939968,8350047.489976
410835.369995,8350070.049986
410832.780052,8350070.789975
410831.300034,8350068.200043
410828.549987,8350039.460004
410823.479982,8350030.160039
410823.060000,8350019.589952
410823.269960,8350001.839959
410819.889968,8349993.589947
410813.769997,8349988.880031
410804.899973,8349984.440051
410800.460009,8349979.999990
410795.660054,8349975.560025
410794.179958,8349973.339988
410791.959978,8349971.119956
410790.110017,8349971.490036
410785.680040,8349975.189973
410780.130033,8349978.150030
410769.780007,8349979.629960
410767.560019,8349985.920009
410763.490041,8349999.970016
