#Polynésie
#Rangiroa: motu Fenuroa 
#UTM zone 6S
#Source IGN
#clockwise418292.620039,8316018.960042
418254.370000,8316042.460008
418211.759993,8316065.420038
418180.620007,8316082.360048
418154.399974,8316103.680038
418131.449980,8316110.240032
418075.730052,8316139.749952
418054.969956,8316155.600030
418039.129954,8316181.840043
418015.090008,8316200.960051
417991.600047,8316213.539989
417968.650047,8316215.180048
417947.339962,8316226.109989
417924.399954,8316263.270015
417911.830042,8316273.659987
417874.679993,8316302.080021
417845.730004,8316338.009979
417838.080034,8316345.670006
417821.830034,8316346.619949
417796.970043,8316364.789995
417770.199995,8316391.579967
417730.050004,8316411.660048
417705.190023,8316424.099952
417692.759976,8316440.359955
417683.200044,8316456.619971
417665.040034,8316466.180022
417647.829948,8316472.879977
417622.010019,8316479.570000
417600.029972,8316496.790045
417593.329983,8316513.999996
417558.920037,8316532.180017
417551.269973,8316553.220033
417572.299964,8316606.780043
417593.330008,8316637.389956
417612.450008,8316689.999972
417634.440041,8316725.380016
417650.700008,8316753.119963
417650.700022,8316771.300020
417641.680003,8316783.730052
417626.380000,8316797.389963
417610.000051,8316818.160042
417601.800031,8316835.109971
417603.439966,8316853.140047
417615.460041,8316887.029989
417630.759988,8316911.080048
417647.689980,8316926.379969
417655.889953,8316944.959957
417657.519997,8316970.649966
417653.469998,8316997.199972
417649.409969,8317020.000040
417646.910042,8317035.300035
417648.469966,8317047.170027
417648.160053,8317063.720052
417648.159994,8317073.090048
417649.410041,8317079.339962
417654.089971,8317087.459954
417660.330017,8317092.449999
417671.260050,8317096.829985
417685.620014,8317096.829983
417702.479958,8317098.390038
417708.409965,8317101.199945
417712.779974,8317108.700046
417716.209957,8317121.189966
417723.709970,8317126.189947
417729.009957,8317124.619988
417731.510015,8317120.559956
417735.880019,8317111.510049
417742.790016,8317101.280039
417776.249968,8317059.190055
417825.010021,8317008.500040
417871.860032,8316975.020036
417907.229953,8316948.240038
417936.870035,8316906.160025
417979.890000,8316863.119983
418046.810028,8316807.640023
418065.930005,8316799.030018
418094.620039,8316795.209959
418125.210043,8316784.690049
418162.489946,8316762.690018
418235.149962,8316721.559960
418317.919999,8316674.689983
418403.150040,8316614.020049
418473.619991,8316563.739993
418558.160040,8316511.680053
418626.999959,8316473.419999
418683.410038,8316446.639962
418726.430012,8316431.340011
418786.660004,8316413.160023
418841.149973,8316391.169953
418906.159982,8316360.560010
418960.659982,8316326.130017
419030.449949,8316275.429999
419109.800052,8316220.910036
419174.809953,8316173.090037
419200.629981,8316162.570022
419227.399988,8316159.700048
419248.429987,8316149.179945
419319.179988,8316095.620010
419378.449958,8316047.789994
419445.670036,8316003.230008
419474.349980,8315981.229946
419503.990031,8315964.010002
419541.280004,8315948.710054
419590.990024,8315926.709974
419636.879951,8315896.100037
419673.209995,8315882.710032
419717.189956,8315858.800053
419771.690043,8315816.709990
419815.660020,8315778.459966
419848.170010,8315737.330020
419894.059969,8315706.720052
419937.080047,8315677.069959
419986.800054,8315636.899973
420015.479993,8315610.120010
420074.750002,8315558.469987
420108.210018,8315534.560020
420125.420043,8315524.990047
420137.849984,8315524.989971
420152.190014,8315534.560049
420197.540027,8315597.409978
420202.450018,8315599.599986
420203.549987,8315596.860013
420200.270021,8315585.930032
420180.600045,8315560.239986
420168.039976,8315538.930004
420168.039967,8315526.899951
420173.499988,8315517.069973
420203.000016,8315493.020052
420216.110050,8315484.269976
420252.170028,8315449.290030
420281.670010,8315429.619971
420306.800015,8315411.029991
420334.119951,8315398.459974
420374.540034,8315383.160013
420394.209987,8315374.410029
420414.420037,8315362.940048
420444.469986,8315341.619945
420488.800038,8315309.140029
420525.949983,8315283.450051
420560.910003,8315259.949974
420582.219989,8315253.940055
420613.359986,8315248.469965
420644.500027,8315239.180043
420669.079984,8315233.169959
420705.140032,8315215.129981
420782.170015,8315175.779969
420829.700016,8315152.280011
420875.040043,8315130.959988
420899.629965,8315129.320030
420910.560005,8315131.509991
420927.490048,8315125.500012
420935.139969,8315123.309994
420958.629989,8315126.040014
420973.380046,8315123.860019
420988.130032,8315117.850049
421006.160009,8315117.849951
421031.290018,8315122.220004
421047.679976,8315121.129974
421067.890023,8315127.680003
421094.119969,8315132.060002
421112.690053,8315132.600010
421130.169954,8315124.949979
421140.009954,8315123.309955
421150.930000,8315126.590000
421166.229980,8315122.760020
421176.610017,8315122.219995
421183.710015,8315124.950009
421215.399948,8315118.939963
421257.460044,8315112.380046
421285.330025,8315109.099998
421304.450044,8315103.640019
421319.199991,8315095.980009
421324.120034,8315088.879964
421319.199976,8315075.759981
421314.830030,8315060.459948
421314.830030,8315045.700029
421307.730017,8315020.009959
421307.179965,8315012.909999
421299.529971,8315007.989968
421291.339995,8315003.069999
421290.789997,8314994.869964
421290.789999,8314984.489991
421290.790035,8314974.099951
421285.870029,8314964.810033
421281.499960,8314957.159964
421279.860050,8314941.860032
421277.680052,8314890.480024
421279.319958,8314850.029987
421288.599981,8314819.970024
421307.179977,8314766.959993
421317.559976,8314736.899958
421334.490011,8314688.250038
421355.800028,8314670.759951
421368.909962,8314641.249982
421373.280034,8314602.990016
421367.269981,8314575.659972
421354.709981,8314559.269948
421357.439981,8314541.230036
421367.819956,8314494.769955
421378.199954,8314466.349998
421384.779990,8314452.490032
421384.780014,8314417.100019
421373.310013,8314374.059982
421347.490039,8314341.540055
421333.150042,8314325.279973
421309.249977,8314325.280018
421286.309973,8314339.619980
421250.929971,8314345.360029
421228.939972,8314353.970021
421221.299970,8314368.319947
421213.649987,8314366.400001
421201.220038,8314355.880044
421184.010047,8314346.320054
421146.720026,8314352.060039
421121.870026,8314354.930053
421090.320025,8314354.929969
421028.170050,8314365.450027
420950.730047,8314391.270003
420920.139960,8314401.789974
420902.930039,8314419.010024
420845.570042,8314436.229997
420771.000001,8314454.400051
420711.719956,8314476.400003
420637.150001,8314512.739992
420508.080045,8314577.779967
420430.639984,8314612.220032
420357.029994,8314657.170026
420347.470000,8314668.649973
420322.609955,8314678.209963
420270.030016,8314701.170009
420222.220002,8314732.730016
420165.819951,8314767.169945
420132.359979,8314791.079952
420103.670052,8314796.820015
420065.430036,8314820.729984
419944.010039,8314899.159984
419896.209969,8314948.899945
419838.850041,8314986.200031
419782.440003,8315016.809962
419704.040032,8315061.759959
419626.600052,8315117.229955
419546.300026,8315170.800002
419454.520033,8315241.580019
419390.460047,8315280.790031
419386.640019,8315300.879952
419344.570053,8315320.010051
419288.159971,8315374.530011
419253.750039,8315407.050031
419210.719972,8315433.830026
419162.920024,8315459.650030
419139.020044,8315482.609990
419100.780023,8315526.599989
419055.839991,8315561.990020
419010.909958,8315589.729999
418960.240046,8315609.820046
418898.089949,8315646.160038
418804.399948,8315702.600038
418731.740013,8315741.809946
418682.030033,8315781.029988
418634.230046,8315806.849966
418596.940005,8315836.499978
418518.540006,8315881.459946
418422.939960,8315930.239963
418328.289961,8316002.930021
