#Polynésie
#Rangiroa: motu Vahituri-Tevaro 
#UTM zone 6S
#Source IGN
#clockwise475912.850051,8311263.270017
475916.769955,8311262.910050
475919.800011,8311271.159995
475928.519953,8311291.979986
475935.340033,8311307.869988
475944.610018,8311320.600009
475952.229982,8311327.460021
475956.319985,8311325.730011
475959.610041,8311320.179993
475967.840006,8311312.719993
475975.049978,8311306.800042
475979.310034,8311305.920003
475985.039965,8311310.070045
475983.210051,8311318.430015
475971.329977,8311327.520055
475963.640030,8311337.739949
475961.450021,8311343.979966
475961.129976,8311353.030022
475960.989995,8311362.180033
475965.790033,8311374.229959
475967.349969,8311379.700022
475966.890018,8311383.119990
475965.229949,8311384.910020
475963.149958,8311385.340024
475961.169987,8311384.879958
475957.790027,8311382.530042
475953.190036,8311380.580043
475948.729981,8311379.330004
475945.409989,8311379.430003
475942.609973,8311379.860038
475939.640005,8311381.630024
475937.809972,8311384.039945
475937.439981,8311386.430023
475939.159975,8311390.569971
475940.139955,8311392.540024
475943.849959,8311394.380049
475948.759955,8311396.410006
475951.969955,8311397.920014
475955.140000,8311402.049950
475956.829972,8311405.320045
475958.730024,8311409.780055
475960.269964,8311410.790053
475965.440050,8311420.819995
475970.850036,8311427.690003
475978.619965,8311430.970001
475984.839995,8311431.019978
475989.609948,8311430.480027
475994.410028,8311434.369956
476005.369959,8311444.530052
476020.770017,8311454.670037
476032.469975,8311459.799988
476038.880022,8311462.919958
476036.439980,8311468.299969
476030.140044,8311470.040004
476019.660037,8311470.860021
476009.599946,8311469.389996
476000.890013,8311465.859953
475989.869994,8311461.920053
475982.030014,8311462.640013
475977.780023,8311463.519952
475976.100016,8311468.300027
475978.940011,8311473.479954
475996.799961,8311482.659974
476003.200041,8311483.569996
476008.729947,8311482.430001
476018.480028,8311488.849967
476027.570000,8311498.509953
476029.070042,8311507.959955
476024.590029,8311514.199950
476030.019988,8311525.500032
476036.130013,8311535.780011
476049.460042,8311542.349971
476051.370045,8311549.490013
476043.869951,8311549.709952
476031.940038,8311549.940054
476020.459946,8311554.520048
476011.220010,8311563.520018
475995.050023,8311569.060015
475984.400006,8311569.039997
475970.029951,8311559.579961
475957.169951,8311546.700035
475937.319998,8311532.159976
475923.349984,8311518.179997
475917.549985,8311515.819948
475911.339990,8311517.989976
475906.590035,8311522.960001
475897.079959,8311545.759982
475890.310041,8311586.179979
475888.540047,8311620.690044
475890.040041,8311630.140055
475893.720002,8311632.929957
475901.489989,8311636.209979
475915.159966,8311642.270020
475925.189952,8311652.179993
475935.330042,8311666.949966
475948.130006,8311686.049988
475959.910015,8311704.470041
475976.380049,8311724.140025
475999.650035,8311740.199995
476020.850042,8311752.690047
476043.849985,8311765.249950
476055.490053,8311774.390025
476059.199962,8311783.830011
476068.540027,8311792.549955
476079.929955,8311802.619974
476079.790015,8311808.419999
476075.790031,8311808.360046
476057.599956,8311801.900045
476048.109989,8311796.750035
476034.199998,8311793.850006
476008.159994,8311785.899987
475977.559988,8311768.690020
475962.879976,8311766.389979
475954.720014,8311769.839959
475947.210000,8311767.839957
475932.420004,8311760.680003
475915.849967,8311753.449959
475891.389953,8311738.079977
475873.899971,8311735.019978
475866.830040,8311735.150050
475854.780043,8311745.609956
475843.840014,8311754.959948
475801.929960,8311775.550037
475789.270003,8311783.040008
475781.299988,8311789.560047
475782.360000,8311796.879963
475791.480053,8311813.179975
475799.450019,8311821.739996
475825.469955,8311840.340002
475851.629996,8311855.359965
475881.460012,8311870.950001
475887.029965,8311876.460044
475886.100018,8311878.430006
475879.890042,8311880.589962
475869.669975,8311882.690027
475864.390043,8311882.889971
475859.820048,8311888.709973
475862.679974,8311898.320001
475872.660033,8311914.449978
475891.520031,8311934.969963
475902.060020,8311945.220035
475910.789959,8311950.959966
475915.420039,8311956.220054
475924.339963,8311967.240045
475929.879972,8311983.400040
475927.189992,8311989.719948
475917.990011,8311990.279986
475901.450009,8311989.689981
475885.900030,8311983.130039
475878.769954,8311972.180016
475862.600015,8311960.430026
475854.219973,8311956.390040
475848.650007,8311950.879989
475845.439977,8311939.569997
475833.750017,8311921.569962
475806.920036,8311894.710035
475792.729997,8311886.099992
475775.509978,8311886.539948
475768.050021,8311893.399967
475766.119969,8311899.120045
475765.979961,8311904.910004
475767.110051,8311908.229967
475769.599958,8311911.709953
475767.569995,8311914.790048
475764.589983,8311915.399945
475758.709973,8311914.840030
475751.970053,8311914.450000
475747.280020,8311913.200018
475738.940040,8311915.800046
475725.740038,8311918.510053
475715.679985,8311917.040015
475704.500009,8311914.459964
475695.550026,8311914.080006
475689.500027,8311914.880043
475686.639988,8311922.569959
475685.929964,8311932.029959
475685.560045,8311943.190025
475686.799966,8311951.360043
475689.990050,8311958.239968
475697.780035,8311963.739979
475706.490004,8311967.270020
475712.449948,8311966.039952
475714.640034,8311961.599994
475713.680046,8311956.919948
475715.619951,8311953.410053
475719.019998,8311952.710010
475727.560019,8311955.389955
475733.120023,8311958.680013
475737.589956,8311965.300005
475744.300043,8311976.340003
475756.850025,8311981.299970
475781.360037,8311990.449993
475810.189973,8312009.799969
475843.319950,8312037.129960
475873.350029,8312058.010030
475879.700043,8312065.130003
475883.239985,8312073.709973
475883.260001,8312078.139951
475878.840020,8312080.379954
475856.720001,8312072.070030
475827.090006,8312061.760044
475799.549996,8312044.360007
475790.670034,8312039.980024
475787.600034,8312040.169964
475787.179968,8312042.469952
475800.629954,8312053.899952
475830.420000,8312077.930053
475848.310032,8312091.540053
475861.159970,8312104.420019
475866.999959,8312113.420024
475885.320047,8312126.950027
475916.639977,8312149.779949
475931.679949,8312158.210053
475946.240044,8312170.739999
475948.649996,8312176.009960
475946.200012,8312179.170049
475941.430012,8312179.709992
475931.169985,8312172.950021
475923.049992,8312170.189951
475916.669986,8312171.500052
475910.799978,8312173.150022
475904.590023,8312175.320050
475888.459963,8312172.430038
475881.810050,8312172.460007
475877.059984,8312175.219968
475873.419967,8312181.290021
475867.039955,8312182.599998
475853.479969,8312181.400050
475840.599975,8312179.170042
475834.090050,8312173.410040
475820.660015,8312164.199983
475803.020034,8312149.639989
475777.829954,8312124.230035
475746.370050,8312092.110042
475731.059967,8312082.400023
475719.630042,8312080.759999
475715.269982,8312076.779997
475696.839961,8312073.479980
475685.230002,8312070.989951
475677.330013,8312075.719950
475670.809986,8312082.820051
475665.379977,8312088.819964
475658.159974,8312092.520020
475655.730029,8312100.120013
475655.529981,8312109.919998
475659.529983,8312125.059974
475665.470014,8312136.700013
475676.600024,8312145.499955
475683.319968,8312158.750036
475698.320002,8312173.399954
475733.730043,8312196.720055
475744.589994,8312204.239949
475751.129990,8312214.429965
475752.529953,8312221.239998
475749.119989,8312221.940036
475743.400023,8312220.009963
475726.260000,8312218.660001
475692.790052,8312206.920012
475681.610046,8312204.339952
475680.169966,8312205.970030
475681.289976,8312209.280032
475721.839992,8312251.059985
475740.600023,8312268.930037
475740.880043,8312274.629952
475742.550014,8312282.719999
475741.030014,8312286.139966
475738.390001,8312286.239980
475729.479985,8312277.429988
475713.319957,8312267.889966
475688.859958,8312252.520005
475683.910002,8312252.210019
475681.120023,8312255.890027
475681.820001,8312259.289957
475683.129986,8312265.669968
475683.499999,8312269.589965
475681.120015,8312270.960022
475678.550040,8312269.279978
475665.960028,8312257.669962
475645.239996,8312241.090039
475624.900038,8312230.640051
475601.939948,8312224.720021
475582.490051,8312220.740050
475572.320011,8312216.620004
475565.090024,8312218.109965
475559.130008,8312219.339995
475556.939977,8312223.780050
475559.790011,8312231.169981
475564.790006,8312242.559973
475565.680030,8312249.030029
475562.770026,8312262.940023
475554.960024,8312268.090053
475546.020039,8312269.929952
475542.770039,8312267.049971
475534.619975,8312257.639987
475523.499986,8312251.060000
475502.679947,8312246.909961
475495.170030,8312244.910038
475488.159982,8312241.029969
475483.300000,8312241.140013
475451.489957,8312252.570019
475382.569980,8312273.399971
475365.629989,8312277.330046
475355.260001,8312283.009999
475349.080003,8312291.820038
475346.000047,8312304.869961
475343.610002,8312319.109979
475340.269952,8312333.100016
475340.999987,8312340.940012
475345.380036,8312347.130050
475357.509993,8312352.180041
475375.009967,8312357.450043
475381.179990,8312363.720050
475415.180018,8312378.009999
475459.589973,8312395.479971
475480.610007,8312404.910013
475488.460028,8312406.399953
475488.810005,8312408.100031
475489.250049,8312410.230027
475485.930018,8312411.349989
475479.550018,8312412.670037
475472.290040,8312409.729981
475459.990012,8312406.049972
475440.460053,8312403.850036
475418.299965,8312403.980037
475389.910005,8312401.839977
475362.520025,8312395.940046
475344.149970,8312388.629949
475316.500008,8312381.460022
475308.970048,8312375.029949
475305.439958,8312368.659959
475296.789970,8312361.119965
475286.709979,8312357.430044
475277.409977,8312355.349958
475270.510000,8312356.330053
475263.419998,8312354.240023
475258.389949,8312353.500039
475256.010029,8312354.880008
475256.730049,8312360.490030
475260.579975,8312364.139965
475264.099947,8312368.290050
475266.149952,8312384.720041
475267.119976,8312391.620016
475272.089965,8312396.359958
475279.090015,8312398.030023
475286.010014,8312401.480015
475292.029996,8312411.330043
475301.539969,8312420.900050
475307.069983,8312434.839947
475310.389984,8312448.799962
475307.699999,8312455.120021
475302.089980,8312458.049958
475296.540034,8312456.969979
475292.330019,8312451.630023
475285.840040,8312448.079946
475278.690039,8312449.999947
475278.960046,8312453.490023
475282.230037,8312458.580009
475281.750053,8312464.890014
475285.039950,8312474.409978
475293.949985,8312483.220029
475306.770027,8312489.460030
475333.989963,8312494.499979
475348.269952,8312503.539989
475351.529948,8312506.420007
475348.380050,8312508.390040
475336.369966,8312508.210018
475318.289951,8312506.599945
475306.680028,8312504.109953
475298.240034,8312504.069952
475289.300045,8312505.909975
475284.529961,8312506.450006
475280.519964,8312504.170007
475278.880014,8312500.519981
475267.589947,8312493.080050
475259.890042,8312488.019994
475256.710016,8312483.349968
475255.660034,8312478.239987
475257.600040,8312474.739974
475261.939985,8312474.289970
475265.270044,8312475.379996
475269.960046,8312474.409951
475270.950029,8312468.440052
475267.079971,8312462.589996
475262.889957,8312459.460003
475256.399991,8312458.130040
475234.439983,8312463.539948
475220.819998,8312466.340039
475216.320026,8312470.370023
475215.159989,8312475.490050
475216.989947,8312482.209984
475222.889982,8312487.200011
475231.779998,8312491.579997
475235.640046,8312495.219991
475236.509997,8312499.479981
475234.430050,8312508.780013
475236.859977,8312516.260015
475247.200026,8312521.229965
475264.009972,8312525.309950
475272.800045,8312527.050045
475272.049952,8312529.860020
475266.440018,8312532.789949
475256.990019,8312534.289965
475245.830001,8312536.149964
475222.479985,8312536.959976
475211.059979,8312537.529995
475205.639947,8312543.530033
475202.799985,8312553.429967
475207.089978,8312559.190002
475217.269993,8312565.530005
475233.399947,8312570.629981
475244.730014,8312569.630034
475275.920008,8312568.100052
475288.039958,8312570.930054
475302.210006,8312575.109974
475324.929959,8312584.180041
475336.560052,8312591.100003
475338.549977,8312596.459949
475344.970051,8312601.789949
475347.459972,8312605.269978
475344.320046,8312607.240021
475337.419998,8312608.220026
475325.909994,8312608.370028
475312.020030,8312607.679988
475300.659948,8312604.249979
475287.279985,8312603.900029
475270.150032,8312604.760025
475261.360037,8312603.020040
475231.260031,8312599.019989
475220.089997,8312598.649999
475192.720023,8312597.190028
475186.410049,8312596.710038
475179.000000,8312597.349999
475170.559972,8312597.309953
475160.989998,8312591.739966
475151.860048,8312590.519989
475145.370052,8312589.189996
475139.749993,8312589.899983
475135.509975,8312592.989950
475134.519952,8312598.959954
475139.540021,8312612.560003
475145.069975,8312626.510003
475149.809972,8312636.619961
475151.370054,8312642.059989
475151.729998,8312645.979984
475149.969987,8312650.329981
475149.570037,8312654.849990
475150.769950,8312656.379978
475154.789946,8312658.660010
475158.039966,8312661.529979
475165.680015,8312670.610048
475172.159952,8312671.929959
475179.770032,8312676.580035
475186.120009,8312683.699972
475194.049979,8312685.609961
475205.550019,8312683.249956
475214.410015,8312683.199958
475220.569981,8312687.249983
475226.240048,8312695.400053
475229.350035,8312704.070031
475236.289994,8312709.739957
475244.909995,8312712.849981
475250.789960,8312711.199966
475253.930025,8312709.219980
475255.870050,8312705.719967
475258.849973,8312705.099957
475263.109980,8312704.230000
475265.850008,8312706.770024
475266.989970,8312712.299966
475274.780029,8312720.009947
475287.209972,8312732.969968
475300.380013,8312740.910051
475314.979983,8312745.000049
475322.509958,8312751.430005
475333.630014,8312758.020037
475346.509962,8312760.249987
475349.849977,8312763.549956
475346.460021,8312766.469968
475338.370012,8312768.129954
475331.559992,8312769.530031
475318.869969,8312770.369974
475310.710006,8312776.039965
475306.640023,8312779.980053
475303.340027,8312783.320021
475301.209958,8312783.759981
475294.989996,8312783.710049
475293.130049,8312787.639972
475291.889961,8312794.540040
475288.059961,8312795.330045
475284.929995,8312799.529946
475283.180009,8312806.090018
475279.010038,8312807.399962
475273.799968,8312805.809993
475262.860043,8312800.070035
475237.310018,8312788.029968
475231.759986,8312786.960039
475228.620025,8312788.929956
475227.370010,8312793.630020
475224.490047,8312796.879945
475221.440049,8312801.500011
475219.680040,8312805.850013
475215.850035,8312806.640006
475211.840001,8312806.580007
475207.420032,8312808.819995
475203.080024,8312809.269990
475195.569951,8312807.269973
475182.350029,8312805.550034
475172.640030,8312807.990019
475167.369977,8312810.410052
475164.410038,8312815.449963
475163.519969,8312824.059952
475163.219973,8312831.219946
475175.049949,8312843.419954
475183.600025,8312848.310049
475187.450032,8312851.950039
475188.519995,8312859.280053
475189.069981,8312866.259994
475186.190004,8312869.510026
475181.500027,8312870.480055
475177.309949,8312867.350048
475161.170039,8312862.239962
475154.780015,8312861.340012
475150.779971,8312863.489959
475148.580019,8312865.720019
475153.369952,8312869.609992
475164.899970,8312873.890051
475181.740029,8312882.399969
475195.160018,8312889.399986
475203.559962,8312897.869959
475204.269992,8312903.490035
475203.440014,8312908.099955
475195.779980,8312909.669981
475185.709983,8312908.189978
475177.290034,8312910.369968
475171.189985,8312917.389966
475147.000036,8312920.590027
475139.760032,8312922.079959
475122.710011,8312921.160033
475100.180039,8312915.149945
475086.099996,8312911.389980
475081.489978,8312910.569997
475077.919953,8312912.630023
475078.970025,8312917.740011
475083.439962,8312924.360013
475099.599995,8312933.889953
475122.669958,8312944.670028
475138.490046,8312954.719990
475165.520012,8312971.780013
475183.980017,8312981.729993
475188.289956,8312989.709949
475187.800042,8312993.809995
475182.950010,8312996.130045
475166.589979,8312996.389964
475155.849995,8312995.939992
475139.259979,8312986.490046
475118.179984,8312981.069953
475113.739992,8312978.879947
475111.280030,8312982.050004
475113.699975,8312987.319949
475127.799954,8312995.500030
475146.590034,8313002.729989
475159.309951,8313006.320015
475173.869962,8313018.849990
475187.900003,8313028.820036
475193.999965,8313036.879980
475194.529968,8313041.649954
475193.429991,8313042.759953
475189.090047,8313043.209946
475176.030034,8313040.130030
475161.370030,8313040.040019
475150.779973,8313036.010048
475138.029950,8313025.779974
475120.330051,8313015.229946
475110.760033,8313011.869999
475101.130018,8313012.519962
475091.480025,8313008.740054
475077.109964,8312999.280041
475053.499998,8312983.740000
475025.729948,8312969.490044
475015.389959,8312964.520001
475010.020024,8312964.300013
475009.100053,8312968.480008
475012.720012,8312975.270003
475027.610013,8312987.289968
475052.150017,8313000.869950
475074.520014,8313008.239947
475087.329986,8313012.260041
475094.760039,8313016.049973
475099.899954,8313021.640041
475106.829982,8313025.100046
475110.670012,8313026.529981
475108.730046,8313030.029982
475102.859978,8313031.679974
475096.900051,8313032.910000
475093.479965,8313031.390033
475090.990035,8313027.909979
475086.620022,8313023.929964
475080.409977,8313026.099998
475073.609954,8313029.720022
475067.150013,8313032.819998
475061.880017,8313035.230053
475061.040026,8313037.619946
475059.440019,8313040.609961
475055.939949,8313040.890046
475051.499952,8313038.700028
475043.240003,8313039.510041
475042.499952,8313044.540030
475050.360036,8313048.250023
475051.920016,8313053.689946
475047.429997,8313057.720018
475042.780026,8313065.329964
475045.459967,8313071.869972
475052.219967,8313076.689957
475064.610033,8313083.010038
475073.240030,8313086.120022
475079.729952,8313089.659978
475078.889962,8313092.049983
475073.789988,8313093.099966
475064.329977,8313094.600006
475056.659988,8313093.960032
475048.570048,8313095.629983
475041.579997,8313096.179985
475029.499956,8313099.990025
475015.629989,8313103.730012
475005.750025,8313105.319947
474992.530044,8313103.609969
474977.619982,8313104.459963
474967.489998,8313106.990003
474959.350014,8313114.869950
474961.380034,8313126.869982
474965.189983,8313138.950009
474975.920023,8313152.259993
474986.529953,8313160.720019
474999.080004,8313163.460038
475007.190029,8313166.230035
475011.900024,8313169.699972
475016.750003,8313169.590013
475019.029973,8313165.569973
475022.779969,8313164.349993
475031.570052,8313166.089953
475034.909963,8313169.400031
475041.419976,8313175.160029
475043.489971,8313180.939952
475040.110013,8313186.069987
475033.299960,8313187.469979
475025.960031,8313186.320002
475023.399997,8313184.630055
475009.060016,8313181.810047
474998.660026,8313180.850022
474986.419977,8313186.029969
474973.140044,8313190.529996
474959.949955,8313193.249988
474948.689998,8313192.460020
474937.239951,8313186.389976
474911.710035,8313178.779981
474896.540044,8313178.350023
474887.760037,8313178.830034
474880.809961,8313186.020043
474879.320023,8313193.870053
474883.639970,8313204.069976
474891.370046,8313215.780040
474901.040045,8313221.779950
474910.879987,8313228.619995
474923.599994,8313232.210036
474932.850053,8313240.510016
474943.469979,8313251.189972
474957.730024,8313255.789946
474964.489953,8313260.609955
474965.650041,8313270.569998
474961.510026,8313276.300030
474958.140008,8313283.649963
474957.330029,8313292.689961
474964.029955,8313301.510039
474974.030005,8313306.989972
474986.589999,8313311.950017
474987.389955,8313317.989952
474984.259984,8313322.179968
474980.940003,8313323.310036
474981.409960,8313332.079972
474978.429950,8313332.699948
474974.760023,8313332.119975
474970.579968,8313331.209954
474965.729956,8313331.320015
474962.760035,8313334.150055
474963.969953,8313337.890007
474970.400026,8313345.429950
474976.239996,8313352.220002
474982.299948,8313353.629990
474988.020026,8313355.560023
474988.119964,8313358.200007
474985.569992,8313360.940023
474980.550029,8313362.420004
474969.489984,8313364.690007
474963.599960,8313364.129998
474954.459960,8313360.690038
474946.969963,8313360.449958
474942.579997,8313358.819982
474934.810036,8313355.600044
474921.660026,8313354.499995
474914.309948,8313355.760009
474908.540045,8313359.740014
474905.990001,8313365.839956
474903.690032,8313373.149994
474900.740039,8313377.309997
474897.259965,8313381.319999
474891.019978,8313380.570014
474887.009975,8313377.089966
474879.690021,8313374.789976
474869.090012,8313370.129958
474862.559986,8313369.189961
474858.279955,8313370.580014
474857.339990,8313375.839955
474859.550017,8313379.189989
474868.129973,8313381.479947
474876.380029,8313384.599992
474877.520054,8313388.920011
474878.420021,8313393.300054
474881.330016,8313398.789994
474885.249952,8313403.049953
474891.149959,8313404.619952
474895.779978,8313406.199980
474898.330009,8313408.720042
474900.889996,8313413.770048
474908.120047,8313418.109985
474925.099969,8313424.250014
474933.149975,8313426.389948
474939.630023,8313427.089963
474940.319972,8313427.959969
474940.229949,8313430.000035
474938.340013,8313430.650042
474934.779976,8313430.620012
474931.569954,8313431.030023
474928.510029,8313432.160031
474926.430013,8313435.630002
474923.040004,8313438.859987
474917.780046,8313437.920041
474909.380021,8313435.339949
474903.529968,8313432.740027
474898.479991,8313427.950042
474892.510009,8313422.340017
474889.839958,8313422.889968
474886.920023,8313424.750022
474886.309954,8313429.190051
474883.350008,8313430.810042
474880.179964,8313430.189998
474878.989952,8313425.619951
474877.740023,8313419.549997
474875.319999,8313413.960041
474870.479991,8313410.139975
474859.459993,8313407.089952
474849.560053,8313404.559990
474843.219992,8313404.599957
474838.320016,8313406.620025
474836.430040,8313409.799958
474838.799962,8313415.140001
474844.260020,8313424.409948
474851.059994,8313430.360002
474852.739975,8313434.830035
474853.000000,8313438.569966
474852.139968,8313441.790052
474852.839961,8313445.199961
474855.489983,8313448.199952
474858.129979,8313449.939998
474861.409968,8313453.570024
474862.690019,8313456.090052
474861.530035,8313457.850013
474855.449980,8313457.840047
474845.019957,8313456.440037
474836.419973,8313452.880050
474830.850048,8313449.209948
474826.249980,8313445.340026
474809.899992,8313438.570029
474803.690018,8313434.269983
474802.660008,8313431.700006
474802.879990,8313427.849983
474804.869979,8313426.430042
474808.269948,8313425.730018
474811.429976,8313425.079951
474814.010036,8313424.040030
474815.309983,8313421.740013
474815.929961,8313418.579950
474815.179979,8313414.929968
474813.790049,8313410.650048
474813.769971,8313406.860047
474817.500000,8313402.790046
474825.400050,8313395.590017
474830.189950,8313389.289972
474833.040006,8313385.909988
474836.730049,8313382.870031
474841.049974,8313381.729999
474843.719992,8313379.910054
474845.789960,8313373.910035
474849.160005,8313366.879995
474854.579962,8313361.209982
474859.859979,8313356.060006
474860.909951,8313352.549999
474861.870025,8313348.559967
474863.129995,8313347.280040
474866.589963,8313348.089981
474871.269953,8313349.920041
474893.210049,8313353.009992
474900.219961,8313353.839999
474907.189960,8313354.440006
474917.550042,8313350.529963
474925.460001,8313345.859956
474932.029987,8313345.779952
474939.449973,8313342.710022
474937.730039,8313339.740016
474930.880033,8313334.489970
474920.999965,8313336.079981
474908.259989,8313343.140017
474902.530052,8313339.000009
474891.680000,8313335.910032
474876.590003,8313333.689961
474863.529973,8313330.609985
474841.659992,8313321.359996
474834.840024,8313320.549975
474828.079996,8313315.730039
474823.020054,8313310.559978
474818.060032,8313308.030011
474814.319988,8313309.249970
474811.349954,8313312.070036
474810.859968,8313316.169963
474814.380007,8313320.320002
474818.240023,8313323.959951
474818.359975,8313331.030025
474815.890047,8313347.070041
474810.670004,8313358.340005
474803.049952,8313368.780035
474795.599956,8313377.850036
474786.870031,8313387.180020
474776.590005,8313393.289972
474769.189976,8313396.139985
474763.230045,8313397.370038
474757.509975,8313395.439950
474752.029972,8313390.360008
474741.279958,8313387.700003
474733.529989,8313388.850026
474730.829971,8313395.170007
474732.899947,8313398.729946
474741.869971,8313403.540019
474746.490027,8313406.579979
474749.699980,8313415.679947
474752.290028,8313421.800023
474760.409972,8313426.779949
474767.910007,8313435.249988
474771.580007,8313450.899984
474775.029965,8313474.139984
474775.640051,8313492.200030
474775.320046,8313512.220039
474789.220019,8313530.210023
474804.109973,8313540.010000
474813.680041,8313545.580013
474815.429980,8313554.089965
474813.519948,8313562.020039
474808.599957,8313566.139970
474814.440037,8313575.130051
474833.399992,8313583.210015
474841.349973,8313587.340039
474846.850000,8313594.630036
474846.880001,8313601.280033
474838.209969,8313604.389958
474819.949960,8313601.940027
474800.999952,8313596.079963
474777.599995,8313588.030025
474765.890017,8313580.689954
474751.970014,8313575.570044
474741.299996,8313573.329995
474738.510035,8313577.010001
474743.510039,8313588.400047
474751.089985,8313601.470025
474768.900038,8313616.879998
474776.110003,8313626.040023
474784.829988,8313631.789974
474789.969968,8313637.379995
474797.970009,8313650.369997
474810.460020,8313659.329969
474815.520036,8313664.500031
474814.429970,8313667.830034
474816.089968,8313675.909954
474820.720046,8313681.170029
474821.599967,8313685.419977
474819.920000,8313690.199966
474809.629989,8313694.099978
474804.009976,8313694.809998
474798.370009,8313693.310052
474790.509961,8313689.599978
474787.549960,8313692.430007
474796.039984,8313703.539983
474830.290023,8313731.979967
474862.369997,8313754.199968
474867.730030,8313767.300036
474892.909993,8313790.499974
474914.190040,8313816.280053
474926.019965,8313828.479951
474925.770046,8313829.419960
474923.979973,8313829.339951
474920.220004,8313828.340007
474916.720049,8313826.399953
474900.470049,8313816.439983
474873.030041,8313801.690055
474849.270047,8313789.719976
474824.600030,8313781.929980
474797.370023,8313774.669998
474787.459958,8313771.829968
474761.009962,8313766.189971
474754.779999,8313763.919989
474751.969961,8313765.390031
474758.310050,8313770.290055
474781.960000,8313777.400000
474787.449950,8313784.699953
474790.469995,8313790.730008
474789.640014,8313795.340022
474785.380005,8313796.210006
474781.150000,8313801.520040
474778.870047,8313805.529992
474774.519965,8313805.980009
474768.980019,8313804.909986
474759.999954,8313800.100027
474739.350001,8313794.590035
474733.729951,8313795.309994
474730.510028,8313799.069947
474729.600034,8313805.469950
474726.710025,8313806.509969
474722.959947,8313805.510004
474713.640015,8313801.210004
474706.380017,8313798.270050
474691.719964,8313798.179973
474666.459955,8313791.849969
474652.939995,8313797.289946
474640.719977,8313806.900024
474637.010012,8313814.759997
474635.870001,8313824.309969
474636.450007,8313837.940028
474638.699980,8313844.569979
474639.839962,8313850.099948
474639.779990,8313854.109970
474637.580015,8313856.330028
474636.720014,8313856.510050
474634.080032,8313856.610052
474631.940019,8313854.830042
474628.690013,8313851.950049
474625.009953,8313849.159956
474621.779947,8313850.710049
474620.599993,8313853.619967
474620.740043,8313862.900006
474620.270011,8313871.430015
474619.869952,8313875.939947
474624.669950,8313882.050044
474627.680015,8313885.870054
474625.209953,8313886.820040
474621.190008,8313884.540033
474614.940019,8313877.849993
474608.400036,8313867.660004
474608.300030,8313865.020019
474608.449956,8313861.440027
474607.989967,8313854.880040
474604.559949,8313851.150048
474595.689986,8313848.989978
474590.489996,8313849.610038
474586.069985,8313851.850022
474584.560025,8313855.270034
474581.579948,8313855.880006
474560.930040,8313852.589977
474541.349960,8313856.620017
474535.819954,8313857.760004
474533.609982,8313859.980042
474534.839994,8313865.940047
474539.899996,8313871.109946
474540.079966,8313874.169998
474536.940005,8313876.149999
474536.200037,8313881.179970
474536.300034,8313883.819956
474527.799977,8313887.790039
474518.429984,8313889.720005
474505.119965,8313887.579949
474487.300033,8313885.030032
474481.929996,8313884.810037
474480.750034,8313887.709993
474482.979996,8313889.909983
474493.820043,8313893.009978
474508.570007,8313893.520033
474528.769961,8313894.690039
474557.699956,8313901.590052
474576.469966,8313904.390037
474589.189972,8313907.980032
474593.969975,8313909.660049
474594.409979,8313911.779994
474592.539986,8313913.500016
474588.290041,8313914.369975
474587.020024,8313916.849972
474588.570011,8313920.079967
474594.889959,8313922.769957
474596.019986,8313926.089973
474595.780002,8313929.240044
474597.499950,8313931.109968
474602.379975,8313935.420014
474602.739958,8313939.340014
474600.190023,8313939.870043
474592.339967,8313938.380036
474569.460020,8313932.879972
474551.209981,8313930.429958
474526.919967,8313930.989960
474518.749951,8313932.230044
474516.379983,8313935.820005
474519.470009,8313940.059983
474531.890043,8313950.809992
474547.890050,8313961.710002
474561.730013,8313968.620019
474574.650046,8313977.499948
474588.839964,8313986.110039
474595.079968,8313988.370010
474598.929969,8313992.009981
474602.610048,8313994.799967
474601.010014,8313997.800015
474598.379965,8314000.109969
474592.330030,8314000.909951
474583.809948,8314000.449967
474575.870031,8313998.530035
474569.209966,8313996.350015
474565.980033,8313997.909945
474562.019982,8314006.699956
474558.220052,8314011.920053
474550.820016,8314014.769998
474543.679955,8314018.899957
474537.379969,8314020.640040
474533.300019,8314022.370040
474530.520022,8314028.259977
474526.949983,8314030.329986
474518.780040,8314031.569961
474510.850047,8314031.870027
474505.319997,8314033.010008
474502.499993,8314032.250045
474498.069999,8314032.279947
474494.339976,8314035.710032
474490.080019,8314036.579962
474484.530042,8314035.509972
474474.530005,8314030.029947
474459.149989,8314022.100052
474445.569994,8314016.469992
474419.550014,8314012.949993
474415.719997,8314013.739969
474413.530014,8314018.180027
474416.869964,8314021.489969
474427.369973,8314025.090012
474444.700016,8314029.510038
474456.410006,8314036.859999
474463.060039,8314036.820030
474484.419995,8314045.730016
474492.089961,8314046.369952
474500.880018,8314048.109995
474506.200027,8314054.560027
474529.429970,8314063.969966
474581.449986,8314083.870037
474608.710024,8314097.769974
474612.490021,8314103.200054
474609.539993,8314108.249970
474605.709968,8314109.039977
474592.060040,8314107.409949
474572.370029,8314106.580011
474555.719997,8314101.140021
474548.629953,8314099.050005
474542.000048,8314101.299964
474534.680051,8314104.580036
474530.850034,8314105.359965
474524.619991,8314103.099989
474514.880009,8314098.890042
474493.819976,8314097.900044
474475.039978,8314092.899995
474460.959962,8314089.139999
474453.770047,8314084.409968
474440.039957,8314082.360006
474428.450007,8314082.080000
474420.870029,8314084.080019
474410.660017,8314086.189978
474404.420015,8314083.920004
474396.910023,8314081.919960
474365.689989,8314076.809974
474340.350052,8314072.270054
474321.059992,8314066.920021
474316.119974,8314066.609984
474310.340003,8314070.899977
474310.449995,8314075.759985
474312.869996,8314081.020055
474321.679997,8314087.190031
474342.599962,8314093.979975
474368.959960,8314099.200030
474390.440013,8314097.889958
474400.890044,8314092.630048
474407.359976,8314091.739987
474418.540006,8314094.319977
474427.069998,8314094.780031
474433.440039,8314091.260042
474438.730045,8314091.059982
474446.530022,8314100.979961
474456.709988,8314107.309994
474469.890044,8314117.460042
474485.250046,8314120.959951
474493.719955,8314125.420047
474504.919987,8314132.429971
474504.339985,8314136.099970
474498.310044,8314139.110005
474491.659981,8314139.149984
474486.980039,8314140.110044
474486.049993,8314142.079950
474487.189954,8314147.610036
474495.600035,8314158.300051
474503.219984,8314165.159959
474509.390047,8314171.429962
474515.600022,8314184.340015
474520.499947,8314193.090006
474522.509972,8314200.659982
474527.050036,8314205.489971
474533.719981,8314209.890022
474538.339957,8314212.930019
474542.059980,8314222.359955
474544.839975,8314233.760009
474548.710036,8314239.620018
474549.410022,8314243.019979
474547.380021,8314246.099967
474541.759963,8314246.819992
474534.259960,8314247.029948
474523.259968,8314245.300011
474513.969957,8314245.439987
474504.589997,8314245.150039
474495.699977,8314240.770013
474488.530042,8314238.249960
474483.849961,8314239.219974
474479.940008,8314241.789996
474478.940031,8314245.550013
474482.880005,8314249.620033
474492.550023,8314255.610037
474502.119992,8314261.179950
474513.739998,8314265.890015
474512.809961,8314267.849967
474508.560045,8314268.729978
474502.599996,8314269.950013
474498.450029,8314275.679952
474494.050012,8314282.350005
474485.660048,8314291.179969
474468.859965,8314289.309955
474457.680052,8314286.729991
474454.279948,8314287.429966
474451.899998,8314288.809964
474451.570033,8314291.539958
474455.379982,8314301.400049
474464.229997,8314314.210020
474478.430009,8314325.039973
474491.350006,8314333.909988
474505.260039,8314336.819978
474506.789957,8314335.620002
474503.699998,8314331.369958
474504.790030,8314328.039971
474508.970021,8314328.960027
474515.209947,8314333.440025
474523.500020,8314337.059957
474529.999984,8314340.599958
474539.119960,8314341.820045
474545.109998,8314345.029986
474543.790017,8314353.729955
474542.710041,8314359.270009
474544.530019,8314363.780032
474547.040011,8314371.680049
474547.680013,8314379.090030
474544.030013,8314382.950031
474538.249954,8314385.019961
474533.720001,8314382.409995
474530.879959,8314377.230016
474522.680034,8314374.040008
474509.349985,8314367.460031
474497.419992,8314367.699989
474485.500046,8314370.150008
474477.630033,8314366.449999
474469.410040,8314358.829997
474459.580002,8314354.199954
474451.470053,8314351.429996
474445.139972,8314346.519949
474437.830026,8314334.719954
474435.390016,8314325.019970
474429.110009,8314313.900008
474419.700020,8314306.969985
474409.359989,8314302.000018
474399.399995,8314305.369960
474393.320010,8314314.610009
474389.659997,8314331.330015
474385.189975,8314357.080040
474379.740040,8314373.729950
474372.649947,8314386.720040
474369.749950,8314400.620044
474369.710004,8314409.049974
474373.170047,8314419.429994
474386.699961,8314431.279955
474413.390044,8314448.850007
474422.199996,8314455.020052
474427.530011,8314463.680054
474440.079952,8314466.420028
474444.670002,8314465.040011
474449.199962,8314467.649993
474457.080037,8314473.570031
474469.700021,8314474.519989
474471.159963,8314477.330025
474468.020035,8314479.299952
474449.549967,8314484.430021
474439.590050,8314485.599991
474430.029980,8314484.460019
474428.000051,8314487.539997
474429.380038,8314489.909950
474434.179953,8314493.810027
474441.289967,8314500.330050
474441.410032,8314507.400011
474446.539976,8314510.780036
474450.859989,8314520.980027
474459.329978,8314527.660030
474462.550025,8314538.969984
474470.340012,8314546.679994
474492.680000,8314562.489970
474504.120041,8314566.339975
474513.439984,8314572.849995
474511.920038,8314574.049982
474501.059948,8314568.749992
474489.880005,8314566.170046
474476.289972,8314558.319992
474472.970005,8314559.449989
474494.960021,8314575.770035
474493.609996,8314577.820006
474480.620053,8314570.730041
474461.989949,8314562.150000
474452.509977,8314559.220048
474433.909964,8314555.060015
474418.800048,8314550.630028
474403.599965,8314545.779956
474392.930030,8314541.319967
474384.830051,8314540.770008
474377.999968,8314539.959960
474376.829948,8314542.860031
474383.860040,8314551.169950
474399.889963,8314568.709980
474409.559975,8314574.709970
474419.629950,8314578.400017
474420.070048,8314580.530030
474414.460053,8314583.459980
474408.080052,8314584.770010
474405.869989,8314586.999990
474413.190030,8314601.020011
474414.670011,8314606.029950
474412.039973,8314608.349949
474407.510000,8314605.730005
474400.569990,8314600.059959
474392.329981,8314588.009957
474382.310035,8314580.309978
474371.170044,8314569.300046
474360.309950,8314561.779981
474345.670006,8314551.039955
474331.829971,8314544.130040
474324.229999,8314541.700054
474316.869947,8314536.119998
474315.479948,8314531.530018
474312.279989,8314522.430009
474304.479967,8314514.720044
474299.429969,8314509.549998
474286.110016,8314505.199980
474274.839965,8314502.190010
474264.949974,8314501.570017
474255.929957,8314505.199976
474245.649956,8314511.299965
474238.700031,8314518.499962
474235.069968,8314524.569992
474235.880005,8314532.829969
474235.080031,8314541.859995
474239.899972,8314550.180022
474246.519950,8314560.800018
474249.719996,8314569.900036
474255.920020,8314580.599978
474257.660041,8314586.889946
474254.260021,8314589.810012
474249.490034,8314590.339994
474245.139972,8314588.579972
474241.619956,8314584.420009
474239.469988,8314580.430009
474234.509971,8314577.900036
474229.739974,8314578.439969
474224.550038,8314581.279970
474220.659996,8314586.069980
474221.640016,8314592.970000
474224.399976,8314599.940005
474233.810028,8314606.869993
474239.459980,8314610.589981
474253.530049,8314612.129974
474255.730035,8314609.899997
474258.959955,8314608.349953
474264.069963,8314607.300044
474270.309985,8314609.570052
474276.629979,8314612.260014
474309.160037,8314623.749964
474318.389960,8314627.619976
474323.800011,8314634.490011
474333.890018,8314640.389950
474345.010006,8314649.190044
474354.940023,8314656.460007
474363.159977,8314664.080046
474368.380001,8314667.890009
474366.280004,8314672.759982
474360.819947,8314672.110041
474351.010033,8314669.690032
474336.480026,8314663.810008
474328.209980,8314662.410044
474320.279984,8314662.710049
474315.750011,8314660.089977
474311.469979,8314656.539968
474297.209958,8314651.929993
474286.809982,8314650.969995
474285.610020,8314649.439966
474284.909963,8314646.030043
474288.129966,8314642.270041
474291.080011,8314637.230009
474289.959978,8314633.909991
474279.090000,8314626.389989
474274.230049,8314626.500010
474271.529954,8314630.600037
474268.489949,8314635.219990
474265.090031,8314638.139947
474260.959954,8314646.080031
474258.190046,8314654.189955
474265.220023,8314662.500019
474276.320020,8314664.660006
474282.559993,8314669.139954
474301.679993,8314673.629957
474306.209967,8314676.250031
474306.250034,8314682.889971
474305.019990,8314688.020048
474300.760003,8314688.900011
474292.150051,8314688.010005
474282.179956,8314689.170055
474275.030044,8314691.089979
474268.490008,8314693.760050
474266.809966,8314698.539998
474267.510021,8314701.950032
474263.759964,8314703.160050
474255.830022,8314701.249979
474247.130014,8314699.930036
474240.739973,8314701.249964
474234.460006,8314705.200044
474229.730053,8314714.600038
474229.949999,8314722.089976
474231.009986,8314729.420015
474237.429978,8314734.749973
474242.719953,8314736.760010
474250.220011,8314736.550035
474255.489948,8314734.129983
474259.819958,8314729.249974
474263.309971,8314728.979948
474266.890048,8314729.129998
474272.919967,8314726.109956
474277.179951,8314725.239953
474282.990053,8314727.590007
474293.750010,8314732.470010
474304.759988,8314734.199951
474316.589979,8314731.319991
474327.730018,8314727.259969
474333.259990,8314723.900018
474337.269959,8314726.179950
474337.710053,8314728.309965
474329.220011,8314734.490043
474324.629998,8314735.879993
474318.340048,8314739.829973
474316.319995,8314745.129962
474316.359957,8314751.770012
474323.580019,8314763.149964
474327.869986,8314768.919990
474332.519981,8314776.390010
474338.859976,8314783.510038
474353.949969,8314783.509989
474356.510026,8314785.200005
474356.110000,8314789.719996
474352.879954,8314791.270053
474342.229973,8314791.240018
474331.990045,8314788.910008
474327.469960,8314788.509959
474325.690050,8314790.650036
474324.939979,8314793.470043
474321.459978,8314795.959988
474317.110025,8314796.410034
474310.289964,8314795.599978
474306.120023,8314796.900019
474306.469953,8314798.600002
474307.519959,8314803.699952
474312.490053,8314808.450040
474318.060043,8314813.950041
474316.209976,8314817.880007
474313.649952,8314818.409995
474309.560042,8314817.920048
474302.899981,8314815.739956
474299.490023,8314816.440009
474299.000027,8314820.540033
474309.880026,8314830.269978
474322.439957,8314835.230032
474324.840024,8314838.280020
474322.800018,8314839.150034
474320.160031,8314839.250003
474312.729989,8314837.670002
474310.270015,8314838.619966
474307.480052,8314842.300032
474308.859975,8314846.890000
474316.319995,8314855.110041
474325.989999,8314861.109951
474329.080009,8314865.349950
474327.899980,8314868.250008
474322.970029,8314870.159995
474317.500014,8314867.290026
474304.939959,8314862.329970
474285.459963,8314853.919970
474283.740036,8314849.839971
474259.889947,8314837.450014
474256.450025,8314831.510021
474238.780053,8314827.599949
474231.349983,8314823.809978
474226.400034,8314823.500024
474223.769963,8314825.810046
474222.170051,8314828.800003
474221.609987,8314834.690025
474225.299965,8314839.690022
474239.730003,8314845.150025
474252.110036,8314849.250053
474255.389950,8314856.559969
474266.769955,8314864.419996
474266.959982,8314867.490013
474264.500043,8314870.650027
474259.909999,8314872.039964
474250.359979,8314870.900042
474240.720004,8314869.340040
474233.959965,8314864.520054
474227.869962,8314858.680005
474224.879950,8314857.070023
474220.620037,8314857.949972
474216.889950,8314861.380014
474212.049947,8314863.710054
474206.759979,8314863.909954
474196.090042,8314859.449990
474186.780002,8314857.370030
474180.499973,8314861.330051
474176.099972,8314868.000044
474173.330009,8314876.109957
474176.180022,8314881.289989
474181.569990,8314885.940025
474186.450023,8314890.259996
474185.700040,8314893.079999
474179.979969,8314891.149998
474165.550023,8314885.689959
474159.049959,8314882.149970
474152.169970,8314887.549987
474148.350020,8314890.560051
474150.270045,8314897.700024
474165.800000,8314902.050011
474188.399988,8314904.049959
474199.060009,8314904.079964
474206.489992,8314907.870055
474240.710051,8314914.580047
474270.319994,8314922.680018
474282.539958,8314928.149951
474286.569973,8314932.639967
474286.519970,8314938.860050
474282.259947,8314939.729945
474270.999985,8314936.730053
474259.579947,8314937.310022
474256.700018,8314940.560050
474253.479960,8314944.330003
474246.420033,8314946.669996
474236.209999,8314950.979983
474235.049954,8314956.099956
474238.319972,8314961.189965
474243.020020,8314964.660037
474245.900005,8314976.490052
474246.889968,8314985.600023
474244.259989,8314987.910048
474240.499968,8314986.909998
474234.860018,8314983.190023
474221.090017,8314974.500004
474213.060053,8314972.159989
474203.570041,8314967.010030
474190.579954,8314959.929974
474174.619986,8314955.670007
474165.680041,8314957.509945
474163.910003,8314961.870030
474166.149950,8314966.280002
474181.099969,8314972.079958
474192.089949,8314971.590030
474195.170038,8314973.619982
474164.009964,8314979.589949
474128.749950,8314985.069996
474119.029978,8314983.080034
474115.190031,8314983.859996
474110.270049,8314987.980004
474105.790048,8314994.219963
474107.099973,8315000.610006
474110.979961,8315008.680039
474118.179990,8315015.629967
474130.999959,8315021.859965
474146.169971,8315022.280002
474156.449999,8315031.259986
474163.359963,8315032.500007
474170.220000,8315039.959998
474175.460008,8315048.190021
474190.510047,8315056.629956
474209.649952,8315065.550001
474218.229946,8315077.089980
474227.270010,8315077.890007
474229.890031,8315088.440006
474221.279958,8315089.769984
474205.840029,8315085.849958
474172.840032,8315082.880030
474150.659955,8315095.869987
474148.069967,8315104.830005
474150.839985,8315114.009969
474156.679956,8315120.799992
474164.539974,8315124.499981
474168.640049,8315127.209972
474166.369959,8315131.219985
474158.699985,8315132.799956
474154.800038,8315135.380001
474156.549975,8315143.889993
474181.140033,8315183.620004
474179.959970,8315186.520055
474184.529948,8315195.790043
474183.110050,8315201.840048
474180.399963,8315203.730000
474176.889979,8315201.790050
474168.910051,8315191.019996
474162.760043,8315189.179996
474152.569994,8315180.630048
474141.769953,8315169.099981
474139.299950,8315170.050028
474141.230001,8315179.410019
474147.949972,8315192.670020
474152.440009,8315203.720048
474159.170011,8315219.190000
474157.469994,8315219.539966
474154.639947,8315216.570010
474152.089970,8315217.099992
474151.250026,8315219.489962
474153.510019,8315228.330017
474156.630047,8315237.009976
474156.339957,8315246.380013
474154.629950,8315246.729968
474151.970001,8315242.399945
474140.800003,8315226.960039
474134.530008,8315218.049962
474125.749975,8315201.229981
474115.919967,8315196.600023
474107.240020,8315182.420021
474095.559946,8315166.630007
474081.849953,8315153.930000
474067.420024,8315133.400038
474061.080025,8315126.269983
474057.759958,8315127.400033
474054.439998,8315128.529973
474055.170038,8315136.360042
474062.510053,8315154.810031
474066.549967,8315161.510038
474070.080050,8315167.879978
474067.379955,8315171.990047
474063.020037,8315170.220027
474058.580044,8315168.030051
474054.319960,8315168.909970
474052.379985,8315172.409993
474052.330028,8315178.629966
474053.740008,8315187.659998
474052.220018,8315191.070009
474047.119968,8315192.119996
474041.490001,8315192.840004
474039.890041,8315195.829948
474041.120015,8315201.780019
474046.609971,8315209.080025
474051.239973,8315214.340022
474052.560003,8315220.720014
474059.680037,8315229.449990
474069.360045,8315239.879966
474078.199991,8315250.480007
474083.010016,8315256.589996
474080.449950,8315257.110005
474077.459993,8315255.509960
474069.769964,8315252.660040
474064.119968,8315246.729962
474059.140036,8315239.769981
474053.839985,8315237.750050
474048.780003,8315232.580054
474039.139962,8315213.720033
474032.359977,8315206.690026
474029.469979,8315207.729961
474027.690011,8315209.870016
474028.569958,8315214.119990
474035.109977,8315226.530025
474041.509984,8315242.509990
474046.759989,8315252.959949
474046.199990,8315258.840011
474044.600027,8315261.829955
474042.719998,8315261.330025
474035.159991,8315250.470024
474018.860030,8315231.639992
473999.249990,8315213.949955
473975.120046,8315195.850053
473960.139959,8315185.619982
473955.430016,8315179.940010
473949.120028,8315164.390053
473940.550021,8315155.060039
473930.469989,8315151.370000
473921.940047,8315150.909993
473916.410026,8315152.049949
473903.499991,8315145.390023
473888.629995,8315137.800014
473882.499988,8315138.179971
473878.770022,8315141.609959
473879.900013,8315147.139950
473886.889995,8315161.669997
473892.209999,8315168.109986
473900.470039,8315182.379969
473912.370011,8315192.790033
473915.910040,8315201.380017
473921.359961,8315217.109979
473932.499950,8315228.120007
473968.279953,8315255.349978
473975.660023,8315265.369956
473992.019959,8315280.180046
474013.439999,8315300.169972
474014.059991,8315305.360045
474010.579988,8315307.850054
474005.559974,8315309.330053
474000.780045,8315307.650033
473996.069965,8315304.189968
473988.200029,8315298.270014
473982.139960,8315296.850045
473981.390046,8315299.670041
473987.850002,8315311.649957
473995.459980,8315316.290001
474012.379985,8315340.300054
474027.720018,8315356.660037
474042.980008,8315372.589988
474042.570014,8315374.900019
474039.339973,8315376.450034
474031.830035,8315374.440036
474017.479994,8315369.410043
473998.500033,8315359.129991
473975.750028,8315343.410024
473954.770050,8315325.549975
473938.240002,8315312.089970
473925.400050,8315301.430006
473913.219970,8315287.529963
473898.920010,8315274.060027
473883.249970,8315260.430051
473876.739971,8315254.669966
473863.270027,8315238.819990
473847.499996,8315222.550002
473828.510049,8315210.040054
473820.449988,8315201.059976
473817.420028,8315192.810003
473815.710023,8315190.949990
473812.729969,8315191.559976
473809.419972,8315194.899946
473805.629990,8315202.329986
473804.639957,8315208.300040
473808.490030,8315211.949980
473817.830017,8315220.670017
473836.819978,8315233.170019
473847.339974,8315241.210019
473852.659986,8315247.650016
473853.309989,8315257.280034
473855.939959,8315270.040029
473859.419993,8315282.629973
473867.089948,8315298.350039
473874.969952,8315306.479988
473876.749974,8315319.419986
473875.200012,8315333.489998
473872.370045,8315360.679979
473872.290005,8315377.550007
473876.430042,8315386.899987
473887.979984,8315395.609961
473899.429994,8315399.469999
473898.590018,8315401.859959
473896.030038,8315402.379948
473892.639950,8315405.299973
473894.620029,8315408.440012
473900.510006,8315411.219958
473913.390007,8315413.450008
473918.129957,8315421.339963
473929.069952,8315427.070016
473945.500039,8315440.099982
473945.100032,8315444.619965
473941.180036,8315444.980054
473926.479949,8315438.250018
473916.580015,8315435.409976
473905.439984,8315439.479983
473897.029960,8315443.870031
473891.050028,8315442.879950
473882.250043,8315438.920000
473872.409990,8315432.079987
473858.670033,8315427.810010
473844.850010,8315425.330013
473829.530019,8315413.399994
473820.279997,8315405.109997
473807.299976,8315400.240019
473799.759998,8315393.799962
473794.590023,8315383.779969
473789.699973,8315377.249964
473784.589990,8315378.299994
473784.100012,8315382.390052
473790.910009,8315396.070014
473799.179947,8315412.549983
473808.289991,8315426.639992
473818.929960,8315454.609995
473826.939974,8315469.819996
473842.939960,8315482.929965
473854.939991,8315493.769987
473861.580050,8315508.809990
473870.329976,8315534.069957
473878.550018,8315556.769977
473881.979994,8315577.800003
473881.179962,8315586.830012
473875.910009,8315589.249981
473869.799973,8315594.049954
473866.769971,8315600.880030
473868.780014,8315610.669952
473875.329955,8315623.069973
473885.020041,8315635.709975
473909.409968,8315667.950008
473928.230001,8315681.820054
473959.030038,8315719.389945
473987.969986,8315743.590009
474015.089975,8315761.079991
474023.900002,8315767.249952
474025.740007,8315776.180026
474025.069947,8315779.419978
474017.759985,8315782.700015
474003.679972,8315778.950050
473979.240033,8315768.010015
473951.699958,8315750.610002
473932.800004,8315738.529963
473893.169973,8315707.659991
473877.619978,8315701.099980
473854.269955,8315701.910003
473841.459948,8315695.430010
473820.119974,8315673.649950
473793.569952,8315650.289981
473763.740013,8315619.610044
473749.680043,8315602.989961
473741.679999,8315589.999954
473726.780041,8315577.990040
473690.090048,8315554.930039
473664.290040,8315543.829970
473642.609993,8315537.650030
473633.810012,8315533.689987
473626.970046,8315528.449983
473620.269969,8315520.579992
473610.599994,8315512.369962
473603.329962,8315507.209988
473589.230023,8315501.239960
473580.079960,8315495.580013
473573.560005,8315487.610001
473567.810044,8315481.249978
473555.250050,8315474.080024
473546.669976,8315464.760032
473538.760039,8315452.190032
473529.340005,8315443.039972
473521.210052,8315438.059954
473508.340015,8315438.050040
473496.830031,8315435.980040
473489.340004,8315438.410019
473484.159988,8315441.249980
473481.109951,8315445.870042
473481.419988,8315456.010030
473483.870007,8315467.919954
473485.889973,8315477.710035
473483.720002,8315501.660024
473483.749956,8315523.379997
473484.900019,8315531.130037
473489.679958,8315532.810052
473498.610021,8315528.750017
473504.779962,8315519.940012
473514.469954,8315497.990023
473518.339957,8315488.770043
473519.749960,8315482.710000
473523.749959,8315480.559995
473528.620052,8315482.659971
473540.520006,8315493.079955
473552.069986,8315501.789985
473565.339972,8315512.360050
473580.140003,8315521.740035
473591.699977,8315532.659998
473592.999949,8315536.830050
473591.259989,8315545.619967
473587.310021,8315556.630054
473584.579966,8315571.379949
473587.619967,8315581.840015
473592.689987,8315589.230019
473599.779974,8315591.319984
473608.379960,8315589.989998
473614.089988,8315589.700005
473621.120027,8315598.010034
473630.900030,8315608.870013
473641.299973,8315624.910004
473650.909984,8315637.119971
473661.350042,8315644.730027
473662.659993,8315651.119983
473660.220052,8315656.499965
473654.249954,8315655.509945
473635.609959,8315644.710018
473624.489948,8315638.119983
473616.899965,8315637.910015
473608.399974,8315641.879992
473599.000041,8315652.239979
473586.299957,8315668.160030
473577.609954,8315684.140014
473577.930002,8315696.489953
473582.310019,8315702.679970
473588.819966,8315708.440023
473593.120004,8315716.420023
473591.019970,8315721.290037
473584.540019,8315719.970035
473578.719998,8315715.400014
473570.969970,8315706.349969
473564.839984,8315691.639960
473555.000032,8315684.789971
473534.909979,8315673.409958
473520.050028,8315668.039963
473485.829956,8315644.029992
473476.320024,8315634.460055
473438.399982,8315620.530042
473411.560016,8315606.530038
473393.809951,8315602.200042
473364.439965,8315593.170034
473333.199959,8315583.629948
473321.049989,8315576.369969
473311.299981,8315569.950021
473270.139978,8315555.360023
473260.750008,8315552.850007
473253.679969,8315552.979970
473247.630010,8315553.780053
473242.419992,8315552.189974
473234.389989,8315547.629949
473228.550054,8315540.849982
473225.450015,8315534.390039
473227.119970,8315527.399987
473230.500015,8315522.269991
473245.829985,8315504.030038
473254.120010,8315492.570034
473272.649979,8315468.360013
473290.620052,8315450.019959
473301.610025,8315432.240013
473316.270044,8315417.250013
473325.310000,8315402.970009
473334.439984,8315389.120036
473342.060053,8315378.680037
473347.830000,8315374.390047
473350.869960,8315369.769991
473349.139954,8315365.690022
473345.889997,8315362.809967
473342.149975,8315364.030026
473334.860018,8315371.740047
473324.549969,8315388.490029
473314.339979,8315407.889951
473309.519956,8315414.650004
473297.449963,8315420.679961
473282.960031,8315436.520053
473276.389998,8315449.849975
473265.039994,8315463.710000
473238.790012,8315495.719992
473211.009954,8315526.720015
473200.690007,8315526.180052
473187.679999,8315516.879964
473182.130012,8315513.589993
473175.039975,8315511.500011
473165.269982,8315500.650024
473148.810026,8315483.189961
473124.740018,8315461.090001
473093.719984,8315431.100006
473067.599967,8315407.649983
473045.590029,8315389.110008
473023.069980,8315370.240035
473016.130038,8315362.359967
473012.519967,8315357.779959
473004.590016,8315355.859955
472990.229977,8315348.609972
472972.850040,8315335.339979
472951.219975,8315322.930016
472931.680010,8315318.530015
472920.249960,8315316.889976
472914.969968,8315317.090040
472908.079983,8315320.279962
472890.269962,8315319.949973
472868.000038,8315315.220022
472856.029990,8315308.810025
472844.939997,8315306.659999
472829.039969,8315298.400048
472804.079969,8315284.909978
472791.689961,8315278.590048
472777.559969,8315265.969966
472754.689996,8315245.400051
472732.869963,8315229.930026
472704.960033,8315206.399964
472684.770043,8315192.370028
472665.199980,8315183.529966
472633.400012,8315167.010024
472621.350053,8315160.180054
472616.280002,8315152.790052
472614.879995,8315145.990011
472612.619989,8315122.060007
472610.890022,8315117.979980
472606.969949,8315118.339957
472604.339993,8315120.659976
472600.429964,8315138.309966
472599.030028,8315146.589982
472599.670038,8315156.150017
472601.600022,8315161.830000
472601.029977,8315165.249992
472597.630008,8315165.950031
472587.940010,8315166.919998
472579.579976,8315170.669990
472564.999971,8315176.209956
472553.540040,8315178.060043
472542.200010,8315176.840012
472534.839956,8315171.259948
472534.119964,8315165.640001
472535.699970,8315158.219955
472538.059977,8315152.409948
472536.569970,8315145.179975
472540.980025,8315140.729973
472540.279991,8315137.319996
472537.620000,8315135.210016
472531.999993,8315135.920050
472526.869964,8315132.540047
472520.269971,8315126.360047
472513.830005,8315116.599967
472508.880021,8315116.280027
472495.769983,8315119.420048
472483.529961,8315124.600030
472482.909951,8315136.709981
472486.229985,8315150.659990
472490.879983,8315160.349950
472490.629961,8315176.360037
472489.340049,8315189.490000
472482.220038,8315198.049982
472469.649979,8315205.960035
472451.529966,8315212.789991
472442.540035,8315220.850024
472438.420044,8315231.010039
472439.190013,8315235.209952
472441.340015,8315237.050012
472443.729973,8315237.570028
472447.140053,8315236.870023
472453.920047,8315239.029990
472457.969986,8315241.490029
472459.500048,8315243.960044
472460.490014,8315247.559947
472464.110002,8315250.360041
472472.110034,8315253.529959
472478.109977,8315255.590007
472481.959998,8315254.549953
472483.749987,8315253.419985
472486.409977,8315250.329962
472488.829967,8315246.040004
472492.359956,8315242.269990
472497.360023,8315239.469965
472501.739956,8315238.560051
472506.669994,8315240.339992
472512.429996,8315243.710010
472518.589950,8315246.500027
472525.709977,8315249.089972
472528.799974,8315253.019957
472531.990032,8315257.429986
472536.090041,8315258.870045
472540.910037,8315258.889968
472545.810053,8315255.600043
472550.439955,8315247.300038
472553.240028,8315242.419983
472556.250007,8315239.770029
472559.509966,8315239.610041
472562.700028,8315244.019955
472565.170025,8315251.110050
472568.680049,8315259.509964
472567.689967,8315265.799959
472569.559969,8315278.589969
472568.149963,8315287.749966
472568.219971,8315291.790001
472571.860027,8315299.660034
472572.670027,8315304.819955
472569.339964,8315310.819959
472565.669982,8315316.389963
472561.270008,8315322.109980
472559.689996,8315327.060043
472555.649982,8315335.440047
472549.650016,8315345.100029
472543.130037,8315354.420055
472540.199994,8315363.889961
472537.410010,8315367.570041
472534.769952,8315367.670030
472533.480030,8315365.720049
472536.149979,8315354.969995
472539.610002,8315348.050001
472541.169962,8315338.410032
472539.179989,8315333.060029
472533.289973,8315330.279959
472528.419998,8315328.179995
472522.870022,8315327.100032
472520.809987,8315323.529957
472522.150043,8315319.270030
472527.319979,8315314.210036
472528.800002,8315304.149996
472528.010014,8315285.239989
472522.669987,8315259.280026
472516.740000,8315249.860002
472507.350001,8315247.359967
472503.010018,8315247.810021
472499.050045,8315256.609977
472495.690014,8315266.169961
472494.980015,8315275.629972
472497.779965,8315289.240021
472496.530025,8315293.940051
472494.060046,8315294.890036
472492.329979,8315290.810001
472486.209982,8315278.320047
472481.979957,8315268.539993
472478.189962,8315263.370038
472472.789989,8315262.959970
472467.139967,8315263.870044
472466.100002,8315269.910002
472466.569976,8315275.899971
472465.350017,8315283.499952
472462.589985,8315286.090018
472459.140049,8315289.080004
472457.080022,8315293.820004
472456.269973,8315307.160020
472455.969989,8315314.319979
472457.369949,8315321.129983
472461.640013,8315327.090024
472469.309970,8315332.350044
472476.930041,8315336.110049
472482.129995,8315342.890009
472491.830046,8315362.949971
472501.000003,8315382.859984
472502.589970,8315388.100019
472501.139986,8315389.670054
472498.649975,8315389.930044
472496.200014,8315386.629945
472491.269957,8315374.969955
472483.439985,8315359.100026
472477.239971,8315348.709977
472469.700013,8315340.379970
472458.910008,8315336.009992
472454.390040,8315337.449987
472452.409956,8315340.139964
472449.650032,8315344.000028
472448.460016,8315348.049972
472445.699984,8315351.910036
472440.310015,8315355.300017
472434.149978,8315359.859984
472429.090003,8315361.159973
472425.390024,8315370.279990
472420.529976,8315379.900026
472413.030008,8315389.040009
472402.810049,8315399.760025
472397.340004,8315405.200019
472393.299963,8315406.529960
472388.920005,8315407.430010
472385.229951,8315409.209983
472382.889951,8315408.930040
472383.839998,8315403.669986
472388.570044,8315395.849948
472393.979963,8315386.119959
472400.460016,8315376.930001
472407.980002,8315371.580025
472415.430002,8315362.190010
472425.899966,8315345.339953
472434.159969,8315331.219967
472437.160021,8315318.689967
472435.860013,8315313.639961
472432.109999,8315312.639964
472422.320029,8315321.750044
472414.149959,8315333.820015
472411.740029,8315338.120043
472407.029960,8315339.850040
472402.339981,8315338.020034
472399.210011,8315335.119966
472394.190021,8315335.390014
472391.489949,8315340.760050
472387.230046,8315344.679946
472385.039966,8315345.129970
472382.819987,8315340.519980
472385.080005,8315334.219988
472389.470019,8315327.239947
472390.599947,8315319.149981
472393.029954,8315310.030019
472397.150031,8315305.379945
472402.950053,8315297.849962
472408.719988,8315292.609968
472415.610002,8315287.899998
472420.310046,8315283.640053
472421.639964,8315277.790020
472420.599982,8315265.330034
472419.670038,8315254.449989
472417.899963,8315242.140011
472417.659953,8315233.570050
472419.450054,8315226.239962
472419.320038,8315210.810009
472419.560019,8315193.519955
472417.239984,8315187.160033
472413.299965,8315179.100038
472410.590034,8315164.700010
472402.409952,8315158.250002
472396.199973,8315154.110036
472375.520035,8315148.589976
472345.869949,8315138.929976
472317.609959,8315129.960006
472299.680017,8315115.480018
472278.309995,8315110.650021
472261.070004,8315105.820033
472252.110005,8315105.820031
472239.699955,8315114.789997
472233.490021,8315121.689985
472226.599968,8315118.929996
472219.699969,8315116.859966
472210.740018,8315119.619948
472198.330046,8315132.030019
472126.620017,8315071.330046
472121.110049,8315067.200020
472110.079948,8315063.059987
472099.729972,8315059.609958
472096.979952,8315054.779971
472096.979948,8315050.640026
472102.489953,8315043.740014
472111.459995,8315033.400014
472121.109956,8315027.880007
472125.930022,8315021.670025
472125.929976,8315016.839998
472121.799996,8315013.389974
472113.520008,8315013.389954
472101.109985,8315020.980013
472086.639962,8315040.980031
472067.329948,8315063.059999
472051.469994,8315063.059980
472038.369978,8315058.230013
472030.099960,8315058.229976
472028.029947,8315070.640036
472019.759950,8315075.470022
472000.520050,8315074.409955
471988.870032,8315072.769968
471978.209992,8315069.629990
471969.369952,8315065.149960
471960.670000,8315060.000031
471957.289992,8315057.300023
471955.659991,8315057.630005
471953.500026,8315059.490055
471949.969968,8315060.220040
471937.529972,8315060.230015
471930.360013,8315061.140017
471923.859985,8315063.890009
471916.629970,8315063.120020
471891.200032,8315052.239961
471866.349974,8315037.280023
471855.050020,8315027.730041
471850.130042,8315021.679953
471847.649983,8315015.120020
471846.760045,8315012.190051
471849.139984,8315008.600035
471852.809996,8315004.450014
471854.680021,8314999.820002
471853.789953,8314995.480003
471850.849972,8314993.550008
471848.659987,8314991.169967
471847.320001,8314984.659962
471846.070042,8314974.459962
471847.429969,8314964.570039
471846.590051,8314960.499983
471843.490002,8314959.159999
471838.999989,8314962.060047
471835.479972,8314965.609977
471832.859983,8314972.089999
471830.329947,8314976.279991
471827.570005,8314979.389951
471821.879965,8314980.570035
471816.389967,8314981.410018
471813.720034,8314979.419952
471810.739950,8314980.030016
471808.020019,8314980.589956
471801.059969,8314979.759975
471789.040000,8314976.300052
471783.369994,8314973.509989
471779.939997,8314971.950042
471776.849956,8314972.019981
471772.869993,8314970.580043
471769.439980,8314967.609953
471767.579974,8314966.860000
471764.599998,8314967.469947
471762.709949,8314969.279979
471759.240048,8314971.690032
471745.900044,8314975.560032
471742.919947,8314976.180042
471737.950007,8314982.280043
471729.999953,8314989.010007
471724.379962,8314994.690016
471718.209996,8314997.649952
471708.590032,8314997.650050
471698.159948,8314997.820054
471690.670035,8314998.510038
471686.500053,8315000.219970
471682.979994,8315002.359958
471681.589998,8315006.599981
471680.470033,8315010.790004
471674.850025,8315016.470002
471671.290043,8315021.160006
471667.910037,8315029.490004
471663.650012,8315044.009996
471659.520022,8315052.770013
471656.390047,8315056.810050
471653.239979,8315058.020047
471650.789961,8315057.109984
471649.480006,8315054.840049
471650.379971,8315050.980036
471650.680038,8315045.549991
471648.159999,8315042.960040
471644.089976,8315043.789978
471634.680053,8315050.250027
471627.389974,8315058.819945
471619.459969,8315069.779987
471613.749976,8315079.149964
471605.400035,8315090.759977
471598.749964,8315096.939983
471589.130000,8315106.549984
471582.430009,8315113.860006
471579.939950,8315115.499953
471577.599971,8315113.730039
471579.410030,8315107.419951
471589.080029,8315096.669978
471599.599976,8315083.190010
471605.239957,8315072.140038
471609.040012,8315061.750042
471611.380038,8315052.499971
471613.269978,8315049.289986
471616.189956,8315048.400036
471619.790040,8315050.769975
471624.079965,8315049.610031
471631.530026,8315040.440039
471634.120031,8315037.930054
471636.890012,8315037.639968
471638.340052,8315035.080045
471637.979995,8315029.220040
471638.819990,8315024.159969
471639.399981,8315020.089967
471639.099958,8315015.909949
471637.020045,8315012.659979
471631.120048,8315007.369971
471624.800012,8315002.740002
471614.779962,8314999.429965
471603.560028,8314994.389997
471579.159997,8314981.599980
471566.139989,8314974.669951
471561.720042,8314972.460053
471557.909956,8314970.420015
471554.109973,8314971.200050
471550.379993,8314973.670038
471544.950009,8314974.780025
471535.839967,8314977.220020
471529.870000,8314978.450020
471525.760035,8314981.840021
471522.350023,8314984.519997
471513.919951,8314983.429983
471503.829980,8314991.349952
471501.350012,8314994.409999
471498.380002,8314997.850052
471496.220017,8314999.699994
471496.179959,8315003.669998
471497.659977,8315005.339990
471501.139995,8315005.760003
471504.010045,8315004.600012
471506.020043,8315003.339980
471508.729998,8315002.779952
471510.689952,8315004.079991
471512.120045,8315006.889957
471512.960014,8315010.960026
471511.820050,8315021.940020
471510.500035,8315029.269953
471510.220009,8315037.530037
471511.460052,8315046.320014
471510.950038,8315052.079968
471509.040002,8315059.259972
471506.079976,8315065.519988
471504.020043,8315066.509966
471499.190029,8315067.779948
471479.689978,8315077.449989
471473.349985,8315079.600003
471472.519993,8315078.359961
471472.999955,8315076.559959
471476.460021,8315072.740015
471495.509954,8315059.499999
471498.140035,8315054.429945
471499.800004,8315048.719949
471498.350053,8315043.080052
471493.890038,8315040.610054
471492.780037,8315036.589982
471491.119960,8315021.670041
471490.069972,8315008.320037
471486.990022,8315001.599947
471481.379959,8314997.669957
471476.110048,8314998.190030
471468.740050,8315002.249983
471462.369998,8315009.780040
471453.529963,8315021.770005
471445.500011,8315043.209975
471442.920042,8315058.160031
471439.180028,8315070.240053
471439.819947,8315077.459996
471444.029995,8315082.810042
471446.390006,8315098.429994
471444.780042,8315111.200044
471442.049956,8315128.159995
471438.669961,8315136.489961
471436.249967,8315150.840052
471435.719954,8315163.380027
471430.100025,8315180.090015
471424.549974,8315208.079999
471423.789961,8315218.130018
471418.040001,8315230.060031
471412.859962,8315246.110001
471407.580019,8315274.049983
471403.989978,8315282.700008
471402.769979,8315289.169968
471401.090014,8315289.240032
471400.149977,8315286.039991
471400.630019,8315265.019975
471399.290014,8315237.870054
471401.510026,8315217.059996
471404.859972,8315182.449987
471407.070026,8315150.620043
471409.959951,8315122.040037
471414.909992,8315102.080015
471422.900032,8315083.200029
471432.060011,8315060.390019
471435.899981,8315047.450032
471436.560019,8315038.270043
471435.520023,8315035.940033
471433.609986,8315034.919998
471431.169963,8315035.419954
471428.730047,8315035.920021
471426.929960,8315035.439997
471426.689997,8315031.530044
471429.900011,8315022.390000
471435.819983,8315011.280016
471440.979967,8315002.020018
471450.910048,8314989.799995
471463.290013,8314978.490052
471472.159988,8314970.729990
471478.750023,8314964.290018
471480.759971,8314958.310013
471481.959959,8314950.429992
471482.639951,8314945.480007
471483.439977,8314942.490032
471485.819966,8314940.309972
471489.889990,8314939.469996
471494.339995,8314937.710002
471497.080014,8314933.179960
471497.929965,8314929.050008
471497.259962,8314925.799972
471494.530052,8314923.529957
471492.090029,8314924.039985
471488.290052,8314924.820009
471484.869961,8314924.669951
471479.480021,8314923.239969
471474.909985,8314921.630030
471470.239974,8314922.309997
471465.360047,8314923.319982
471459.720049,8314924.759968
471453.969990,8314927.069972
471449.790017,8314927.370041
471430.060039,8314915.310044
471405.869979,8314902.200000
471387.719997,8314892.360030
471373.500015,8314883.699953
471368.820027,8314882.969967
471360.680001,8314884.640032
471348.839974,8314884.810034
471339.610020,8314885.300008
471335.209947,8314885.919997
471332.080044,8314889.959992
471328.680000,8314894.049983
471324.509999,8314897.169992
471291.010028,8314889.650051
471284.849974,8314885.819991
471276.479968,8314884.999959
471273.770007,8314886.969990
471272.219952,8314891.809954
471270.940048,8314895.190001
471265.810021,8314900.479947
471258.549949,8314905.090023
471247.879975,8314910.960046
471242.299985,8314912.670048
471239.590018,8314914.639965
471238.789962,8314917.630044
471235.500046,8314922.269989
471226.679950,8314928.889987
471222.589999,8314935.100022
471221.050008,8314941.350025
471220.220046,8314948.310010
471221.130030,8314956.880042
471222.519997,8314962.250000
471226.039996,8314966.740036
471230.189949,8314964.400026
471231.360013,8314960.490034
471232.430008,8314957.440006
471233.719988,8314955.479958
471236.170007,8314954.969969
471239.530001,8314953.430011
471241.470018,8314950.490000
471242.359966,8314945.219958
471244.360001,8314942.550016
471248.099983,8314941.490008
471254.179997,8314940.810048
471270.099954,8314941.209977
471283.030044,8314942.219990
471289.850028,8314946.469953
471295.190013,8314949.050020
471305.950017,8314950.509967
471318.809946,8314958.039995
471324.269970,8314962.570000
471324.950013,8314968.649959
471321.149952,8314979.040022
471318.980001,8314989.100036
471314.710012,8314993.089964
471312.580028,8315000.590005
471308.660033,8315009.030010
471307.649968,8315023.380049
471307.360013,8315030.220024
471306.230026,8315031.580002
471304.870051,8315031.860053
471301.059965,8315031.230004
471297.189989,8315027.510047
471296.020002,8315023.220008
471295.169997,8315016.329968
471290.999957,8315008.429986
471285.890006,8314998.739987
471279.739998,8314985.299984
471271.429947,8314976.549983
471264.709956,8314968.610033
471256.579963,8314962.080040
471248.639954,8314960.610040
471244.140000,8314962.100043
471241.060008,8314966.400016
471239.950046,8314971.999952
471239.700039,8314976.290019
471238.439985,8314978.889971
471240.250015,8315002.820026
471239.349961,8315017.709965
471237.689948,8315031.619978
471236.690050,8315036.350007
471231.529961,8315037.410037
471228.069966,8315041.229945
471222.629990,8315049.129960
471218.049954,8315065.340014
471216.489978,8315079.799982
471216.340048,8315110.639962
471216.210027,8315127.910024
471214.830018,8315133.559953
471217.109950,8315143.270047
471217.120013,8315154.299999
471217.230046,8315165.859997
471221.450020,8315172.629970
471223.789993,8315172.990000
471225.849947,8315172.000047
471228.600020,8315167.480003
471229.540027,8315161.069987
471232.160005,8315153.180000
471233.760011,8315148.609985
471235.610042,8315147.950048
471237.780033,8315148.910027
471239.480030,8315151.670016
471239.899988,8315168.830034
471237.810023,8315194.420054
471235.329995,8315227.719965
471233.449967,8315240.549951
471229.129979,8315255.290013
471223.410026,8315272.860029
471219.660029,8315282.109989
471216.100022,8315286.800036
471213.800020,8315283.880033
471213.070025,8315280.360031
471214.639957,8315268.729984
471217.029996,8315248.730022
471216.669949,8315233.249991
471215.729955,8315228.640022
471211.810002,8315227.469946
471209.019955,8315224.930052
471207.150007,8315219.949950
471205.040023,8315211.060003
471203.060029,8315197.330010
471201.210048,8315185.549973
471196.739967,8315163.859997
471194.440036,8315140.299987
471192.200010,8315117.019998
471188.569987,8315099.390034
471186.119999,8315088.869967
471185.569984,8315076.549992
471184.919978,8315058.310043
471183.709984,8315044.139999
471180.139999,8315026.779990
471171.950037,8315000.759988
471165.059953,8314980.979987
471160.710044,8314970.850012
471155.879973,8314961.100047
471150.159990,8314965.549947
471146.449988,8314972.249989
471138.540017,8314987.439990
471128.209950,8315004.550033
471125.710012,8315004.780001
471121.850011,8315003.879977
471121.709991,8314997.689958
471128.319998,8314984.459993
471135.779993,8314968.510006
471137.320020,8314962.250053
471130.839969,8314959.630053
471119.440001,8314960.560028
471110.980045,8314963.430041
471110.100046,8314961.920040
471114.369957,8314957.930038
471122.499967,8314954.839949
471129.460011,8314954.259990
471133.370035,8314955.429958
471142.510001,8314957.229982
471147.210007,8314962.199975
471149.659973,8314962.780037
471153.070010,8314959.589992
471156.400028,8314956.759987
471158.380024,8314952.670041
471157.980025,8314947.950014
471159.479949,8314944.250033
471161.410020,8314939.890032
471160.910026,8314937.449956
471156.629994,8314929.010046
471150.459984,8314923.770018
471138.579981,8314916.890041
471130.260020,8314914.929982
471120.639979,8314914.929948
471115.869992,8314916.470030
471111.969990,8314919.540009
471108.850020,8314924.979953
471105.170030,8314927.720037
471099.479952,8314930.300022
471092.599979,8314932.570051
471088.160013,8314935.740012
471084.500029,8314942.709991
471083.420015,8314952.550005
471081.330028,8314958.910039
471077.659992,8314963.060052
471073.120040,8314967.100040
471065.580022,8314970.350006
471057.359955,8314977.129959
471052.819997,8314981.170054
471045.189978,8314985.289945
471038.910026,8314990.540038
471034.929955,8314997.289945
471030.789951,8315006.060019
471022.440037,8315019.079972
471009.919954,8315033.820021
471002.869982,8315046.289974
470992.519962,8315071.599971
470973.130027,8315121.669973
470955.450032,8315182.840046
470938.679961,8315245.650003
470934.539974,8315264.030016
470933.799980,8315276.899998
470929.730044,8315288.759975
470929.319962,8315303.259955
470932.819975,8315317.529968
470931.819959,8315333.279970
470932.999988,8315351.409976
470936.220051,8315366.369945
470948.950053,8315382.549998
470970.829952,8315402.279963
471006.690043,8315422.610017
471034.799948,8315434.139968
471052.850008,8315449.719969
471080.869974,8315463.249988
471129.440037,8315477.990044
471138.080026,8315476.710012
471143.500026,8315476.579982
471148.750039,8315480.449989
471159.059970,8315488.729974
471178.069982,8315497.260021
471187.319986,8315501.009956
471195.390051,8315505.850025
471203.969974,8315506.350020
471217.499964,8315506.110047
471228.579998,8315506.369989
471237.320038,8315504.859979
471245.889966,8315499.770041
471253.499991,8315499.620000
471263.660027,8315500.919949
471273.469991,8315505.969959
471286.209972,8315511.550053
471308.619959,8315517.400039
471320.050016,8315520.699985
471334.109955,8315528.550016
471351.089960,8315534.099981
471388.870023,8315548.660043
471429.810047,8315564.830038
471463.710017,8315575.670032
471492.310029,8315579.959960
471520.739965,8315583.439995
471567.389951,8315590.240014
471620.549968,8315597.109993
471671.040020,8315600.570007
471690.959978,8315600.150009
471701.139959,8315602.860043
471755.440036,8315619.390038
471798.770032,8315634.789998
471818.559978,8315638.909968
471835.889984,8315635.139956
471844.929983,8315629.599970
471854.820053,8315630.959950
471871.199998,8315634.939949
471884.759959,8315632.150003
471897.780015,8315628.059979
471908.920029,8315628.589996
471920.140011,8315633.630030
471930.720002,8315642.479954
471952.750025,8315657.450032
471968.949978,8315668.820013
471983.640029,8315675.619959
472003.729999,8315681.879951
472042.709977,8315695.849955
472094.950017,8315710.380001
472134.390020,8315723.110042
472153.909992,8315738.169960
472184.390003,8315748.309994
472211.799995,8315773.710008
472244.069971,8315783.929954
472300.869986,8315790.419987
472353.229951,8315794.729980
472372.030037,8315804.169984
472404.059991,8315832.620029
472438.550003,8315857.900028
472474.209993,8315880.270041
472516.200049,8315890.260016
472537.269994,8315893.470019
472572.319975,8315912.870008
472601.650025,8315930.340003
472641.140020,8315951.930027
472677.829972,8315974.979947
472715.899999,8316000.410037
472754.480038,8316021.750048
472788.600001,8316047.569958
472803.639966,8316064.180033
472805.880046,8316082.410022
472811.109975,8316098.010021
472816.340018,8316113.610019
472831.369974,8316127.699975
472859.959971,8316153.640006
472875.619961,8316175.689997
472902.109958,8316208.630009
472936.879978,8316247.460017
472956.730032,8316272.680053
472969.810012,8316284.640014
472992.540047,8316304.220023
473008.900045,8316312.469976
473023.330046,8316323.650017
473042.960037,8316345.380048
473060.770024,8316370.510042
473080.029981,8316395.350014
473106.420009,8316427.809959
473123.530039,8316449.560032
473136.039958,8316463.660053
473154.359989,8316476.559995
473177.180012,8316494.099982
473204.189965,8316514.809999
473225.659986,8316535.659986
473247.729966,8316559.409999
473272.530043,8316584.119971
473288.270051,8316604.119977
473311.229976,8316629.710014
473339.520009,8316654.209972
473372.100015,8316682.370021
473409.550025,8316712.049992
473428.090026,8316728.450031
473454.499981,8316746.260040
473486.400040,8316773.540044
473518.539969,8316792.190001
473551.870030,8316814.140018
473577.720006,8316836.610037
473608.510003,8316856.040009
473642.500011,8316876.329974
473664.119982,8316888.050045
473694.559966,8316895.940034
473748.669989,8316900.969984
473776.239958,8316899.849982
473820.069967,8316889.309970
473850.790050,8316878.950030
473871.470013,8316871.379995
473886.879991,8316867.629988
473903.289948,8316865.979975
473918.130033,8316859.469984
473923.039990,8316855.279991
473925.780047,8316848.940025
473930.919979,8316844.420011
473939.610045,8316840.320052
473956.390013,8316834.850026
473975.339969,8316830.089955
473980.679950,8316832.160045
473984.559964,8316832.809970
473989.549949,8316831.780001
474008.999977,8316816.810047
474010.620034,8316809.259998
474012.039982,8316803.480002
474017.599995,8316796.850043
474026.989950,8316789.140041
474040.710011,8316771.600046
474057.100006,8316744.549969
474071.180050,8316721.729947
474083.769947,8316700.090000
474090.569991,8316685.410045
474093.659985,8316670.910036
474093.069988,8316655.440022
474096.729980,8316645.159993
474100.879972,8316631.609947
474105.530021,8316619.100055
474110.210001,8316603.990030
474118.169981,8316576.660047
474120.730000,8316558.230002
474120.440038,8316535.770026
474120.369965,8316522.790032
474120.800027,8316509.420034
474122.410000,8316498.989964
474127.349963,8316479.489983
474130.690022,8316460.620026
474129.190004,8316439.269988
474130.209970,8316423.180025
474131.900014,8316407.530024
474133.249949,8316390.219979
474130.949963,8316376.259971
474131.579996,8316359.669961
474128.860030,8316338.000024
474126.729999,8316324.869980
474127.319993,8316310.890045
474131.320002,8316291.009971
474136.880026,8316261.860042
474142.060007,8316250.190016
474148.369969,8316231.710017
474151.719975,8316223.440039
474150.610036,8316215.589984
474146.589967,8316208.330016
474145.289953,8316202.030028
474146.340030,8316197.269969
474152.800032,8316189.369978
474156.940012,8316182.460018
474154.640048,8316171.309997
474155.040041,8316156.070029
474153.249994,8316147.340003
474149.990050,8316136.390006
474140.319997,8316109.080030
474136.629947,8316091.140036
474133.309962,8316070.100006
474133.159988,8316042.339968
474141.469988,8316007.889984
474160.190031,8315946.999990
474171.739997,8315910.659965
474184.629950,8315880.850031
474210.169991,8315872.880019
474236.969950,8315857.860015
474259.790043,8315830.070041
474306.979979,8315722.570042
474318.149989,8315664.590016
474336.530053,8315588.820000
474372.019993,8315490.519994
474408.610048,8315404.210014
474433.890035,8315348.749946
474471.529995,8315260.880005
474486.250010,8315233.399968
474498.530006,8315187.410047
474525.430022,8315140.739979
474561.270013,8315065.840006
474603.509995,8314961.689959
474625.929991,8314915.940036
474659.819982,8314839.119967
474690.419994,8314787.809959
474714.180002,8314741.009963
474740.570016,8314684.349998
474756.660015,8314653.099986
474767.710034,8314601.159992
474772.859969,8314588.449966
474782.639978,8314575.580012
474786.149950,8314562.440053
474790.049974,8314539.899960
474803.619966,8314511.499994
474826.519996,8314471.860034
474856.969952,8314419.810010
474870.120017,8314396.920034
474890.000010,8314350.140022
474894.170032,8314321.340020
474900.249987,8314286.720004
474906.520016,8314260.590001
474932.399960,8314220.340033
474972.149990,8314179.569981
474997.270047,8314161.980009
475022.580004,8314126.510023
475053.589993,8314069.679983
475079.850014,8314016.150023
475095.939970,8313984.899996
475126.929982,8313924.200002
475137.169994,8313887.169997
475143.760023,8313836.140018
475158.800040,8313803.550034
475186.390012,8313748.979992
475209.469964,8313713.960043
475267.540034,8313667.860024
475296.859947,8313629.230045
475304.599955,8313598.919956
475318.649955,8313576.629949
475353.609998,8313531.409977
475374.100030,8313487.609964
475384.679989,8313429.550009
475407.980023,8313380.519957
475416.860018,8313340.660041
475443.009992,8313294.150051
475490.439947,8313211.429991
475507.900000,8313186.879966
475531.109970,8313148.740032
475549.830050,8313107.629984
475582.430050,8313039.610040
475600.949967,8312990.010035
475631.589971,8312946.450007
475657.100038,8312919.470022
475696.350012,8312895.100045
475717.430010,8312876.790030
475741.949952,8312833.709953
475786.820036,8312746.090024
475791.319975,8312722.659978
475810.819971,8312689.149949
475824.849985,8312662.980047
475845.349979,8312619.190023
475882.979987,8312571.859964
475931.870040,8312511.350018
475946.449998,8312476.529967
475969.219963,8312440.030013
475982.540053,8312421.760005
476007.170018,8312398.069985
476028.099976,8312379.020014
476057.880004,8312342.619964
476093.230009,8312314.389986
476120.379949,8312287.849959
476151.560031,8312262.029980
476196.380016,8312219.440000
476236.209950,8312194.170035
476265.819987,8312179.540055
476282.450033,8312166.030042
476300.049953,8312138.350032
476322.069947,8312128.389998
476347.230031,8312092.159993
476360.139986,8312079.419972
476375.910014,8312073.069999
476385.360026,8312054.830028
476396.689955,8312026.880028
476417.419967,8311999.329960
476431.169998,8311975.549980
476441.230023,8311960.290046
476456.809982,8311945.440054
476484.150022,8311927.400017
476532.760028,8311895.659975
476554.730026,8311877.950044
476585.460029,8311849.899960
476618.410027,8311821.379984
476647.060051,8311794.540000
476677.819997,8311774.240009
476706.089996,8311760.660020
476727.039973,8311745.479952
476749.429953,8311722.250041
476777.810001,8311701.659971
476821.919962,8311666.979990
476847.749968,8311645.359978
476857.399964,8311635.620011
476873.790001,8311632.249985
476891.690017,8311632.440029
476905.690022,8311628.789990
476919.800037,8311618.119991
476967.440006,8311574.169973
477001.580042,8311543.860005
477048.730051,8311500.610041
477086.189990,8311460.230043
477141.160046,8311405.630017
477174.999964,8311363.539986
477209.409973,8311312.349978
477237.620014,8311274.680004
477271.139947,8311231.029952
477293.699998,8311193.710014
477308.579999,8311158.789973
477335.880041,8311096.810036
477344.949980,8311061.449973
477354.179960,8310999.099964
477367.669964,8310909.589994
477368.649997,8310854.899977
477363.480047,8310808.149958
477351.030039,8310758.450039
477333.000006,8310703.220048
477312.879996,8310659.540011
477282.699995,8310610.149986
477247.269985,8310578.519985
477189.990001,8310538.039969
477129.159978,8310512.749992
477089.520013,8310493.099992
477047.710010,8310468.340023
476991.680053,8310460.970018
476960.399975,8310455.169959
476920.520051,8310443.679976
476891.459984,8310434.660009
476842.820042,8310435.290047
476763.930004,8310439.339970
476744.529961,8310449.890015
476712.179959,8310465.920030
476678.199958,8310478.539987
476659.119957,8310481.520049
476618.969989,8310486.970001
476578.689973,8310500.880048
476551.930019,8310516.699988
476525.959987,8310545.479967
476505.629986,8310583.410000
476482.599948,8310590.030034
476468.340023,8310584.519993
476452.729976,8310563.359983
476419.859983,8310549.500024
476387.600016,8310547.700005
476355.630038,8310565.519995
476336.120052,8310589.229954
476309.800022,8310652.770008
476303.419981,8310671.889979
476295.320021,8310673.560010
476284.310049,8310670.199948
476271.979998,8310655.860030
476260.159975,8310634.849967
476245.470035,8310618.189954
476224.520033,8310607.500039
476211.729969,8310609.190039
476198.820034,8310619.350050
476172.199991,8310695.140038
476136.609959,8310777.459970
476096.329999,8310823.249960
476052.139960,8310882.029988
476013.839956,8310928.339955
475981.409986,8310962.200002
475968.769964,8310993.259989
475933.409999,8311074.270026
475915.920026,8311121.329960
475892.290026,8311165.000043
475871.730027,8311197.170044
475858.989969,8311240.920031
475849.669988,8311282.420020
475840.530010,8311318.340019
475841.930016,8311340.230012
475845.269971,8311358.609986
475849.339953,8311387.049956
475858.229962,8311406.510002
475861.569958,8311409.810015
475864.710013,8311407.829949
475871.649959,8311398.419958
475876.479981,8311393.879956
475886.289989,8311394.080001
475900.470014,8311400.480037
475910.479953,8311408.169986
475915.719971,8311414.190031
475930.419960,8311423.139987
475939.209985,8311424.879949
475947.979985,8311422.190038
475951.200033,8311418.430029
475953.289998,8311411.339999
475955.239992,8311410.049995
475951.300046,8311404.199976
475948.300047,8311402.600039
475944.209955,8311402.110036
475936.100010,8311399.340021
475930.699993,8311394.690027
475929.399956,8311390.519984
475928.779981,8311385.329951
475932.499958,8311379.679948
475937.329964,8311375.140044
475946.160006,8311368.449949
475948.569973,8311356.420054
475950.109979,8311342.349984
475945.040049,8311334.969976
475931.519959,8311325.330055
475923.010015,8311312.010055
475916.589951,8311291.589959
475911.189985,8311269.639988
