#Polynésie
#Rangiroa
#UTM zone 6S
#Source IGN
#clockwise430470.799987,8345932.629971
430472.689978,8345936.330000
430475.700031,8345940.810004
430476.499994,8345944.679963
430476.689974,8345954.030034
430475.909998,8345956.439969
430475.550008,8345958.199960
430476.410045,8345961.640039
430480.200053,8345964.899950
430482.240025,8345968.869974
430483.309981,8345973.340011
430484.300017,8345979.110048
430484.810049,8345986.309996
430483.770025,8345989.690008
430483.239953,8345993.320049
430484.610034,8345999.010005
430488.139949,8346005.990004
430492.980007,8346015.869950
430496.349954,8346022.319987
430499.729978,8346027.600008
430503.270001,8346038.349993
430509.359958,8346055.279946
430514.939952,8346069.749968
430518.620046,8346083.180023
430522.310049,8346093.909978
430526.969953,8346105.660045
430532.209980,8346115.499998
430534.210012,8346119.529962
430536.840030,8346123.839946
430538.829972,8346127.309967
430541.380001,8346132.760008
430549.200011,8346154.169975
430556.540040,8346171.499978
430560.550051,8346176.849958
430566.980050,8346182.009978
430573.340010,8346184.889988
430579.759975,8346186.069967
430587.929982,8346185.099998
430609.230004,8346179.699956
430643.880029,8346172.979945
430707.919985,8346159.449954
430766.450011,8346146.949971
430798.869973,8346140.529995
430845.010002,8346129.309947
430884.989957,8346117.459962
430924.389999,8346107.000053
430946.189964,8346101.800042
430980.609991,8346095.179985
431010.529965,8346088.980024
431041.639953,8346080.640044
431093.920010,8346065.340011
431149.530037,8346049.510023
431186.730002,8346039.049980
431226.939983,8346023.830004
431266.909970,8346008.919977
431290.100007,8346002.059963
431314.260025,8345995.709981
431360.170037,8345978.909964
431368.869975,8345973.300021
431407.119958,8345959.710049
431410.709998,8345960.040033
431412.019948,8345962.219958
431413.259968,8345967.479975
431415.039947,8345968.950022
431446.480048,8345959.979993
431493.509991,8345947.140050
431515.209952,8345941.500008
431575.629995,8345911.869983
431590.380019,8345902.660000
431604.070046,8345900.249983
431628.469959,8345885.840050
431647.219960,8345879.940020
431657.319992,8345876.429952
431677.739981,8345864.780039
431726.010010,8345832.690047
431753.849996,8345813.650038
431757.919999,8345813.619977
431763.850052,8345811.430027
431767.239959,8345809.049972
431770.730018,8345804.400025
431790.559947,8345787.149984
431807.670001,8345773.780016
431821.739958,8345765.270000
431842.619964,8345747.650049
431877.489972,8345719.140012
431895.279985,8345702.410019
431927.610052,8345670.960038
431968.450039,8345633.250035
431993.110015,8345605.970030
432005.840001,8345591.670038
432010.020030,8345589.430023
432023.499969,8345575.530026
432043.580006,8345553.320046
432071.969973,8345519.359959
432090.720012,8345499.060055
432099.220024,8345485.060009
432106.690023,8345476.939978
432123.499988,8345456.690055
432141.520049,8345434.600012
432166.360003,8345405.450034
432168.309954,8345398.310008
432178.350010,8345385.120004
432192.859999,8345368.040019
432208.220049,8345350.640012
432215.929968,8345340.479971
432219.600044,8345331.759996
432234.769994,8345315.929996
432247.130052,8345298.579957
432259.229951,8345282.980031
432272.079971,8345260.069969
432287.020037,8345230.190050
432299.279995,8345204.699960
432310.970020,8345176.669950
432318.899948,8345146.200031
432322.349977,8345128.489964
432325.059980,8345086.069990
432327.639996,8345046.029990
432329.249956,8345024.569971
432328.070012,8345006.690029
432326.110020,8344994.430003
432322.870033,8344986.630044
432318.970021,8344973.340034
432313.100008,8344953.520050
432310.830022,8344942.699959
432304.889963,8344924.529976
432298.880008,8344910.190027
432296.169963,8344902.989972
432294.070030,8344899.240054
432292.589979,8344897.959956
432290.909951,8344890.799991
432292.599947,8344881.420010
432292.180006,8344874.919987
432291.880011,8344857.570042
432290.299959,8344849.890046
432288.320036,8344845.949996
432286.780000,8344838.719968
432287.129961,8344830.480009
432291.319961,8344818.840046
432292.230031,8344810.639949
432289.909997,8344802.080044
432283.269990,8344791.859992
432276.500008,8344785.039967
432272.040011,8344779.980016
432268.910033,8344772.459984
432267.439963,8344768.010025
432264.710008,8344763.930021
432259.870052,8344755.790023
432248.170021,8344742.120010
432241.179998,8344733.959962
432237.680032,8344727.839982
432225.200035,8344714.579987
432215.770006,8344704.980031
432207.119973,8344695.690008
432203.110042,8344694.780005
432197.670021,8344691.399975
432194.259985,8344686.029964
432185.539949,8344679.089994
432176.020051,8344674.520018
432168.730006,8344672.089955
432156.750048,8344665.719969
432146.139974,8344659.020052
432138.800017,8344652.670008
432126.459961,8344639.539991
432063.609987,8344587.889978
432041.759975,8344570.750047
432025.829986,8344562.789984
432012.549949,8344560.059961
432003.429981,8344555.920002
431998.729958,8344553.920025
431989.839989,8344553.100040
431972.940000,8344553.099945
431959.860008,8344551.300038
431949.429992,8344550.229977
431941.839996,8344551.080038
431932.069991,8344549.970042
431906.179980,8344543.709978
431903.480028,8344543.499959
431901.959981,8344544.530052
431901.160010,8344545.609985
431901.370037,8344549.139960
431908.840026,8344564.859977
431909.210018,8344566.369988
431903.369992,8344571.750019
431892.990005,8344557.039973
431891.790009,8344556.170019
431889.269968,8344556.329954
431865.259962,8344574.080010
431856.479976,8344578.080053
431851.700052,8344583.609993
431849.449983,8344588.819976
431850.190033,8344593.619953
431849.010027,8344597.080031
431840.549974,8344609.790049
431828.429976,8344623.820030
431828.069970,8344626.039959
431831.989987,8344638.910024
431831.560027,8344645.740018
431829.609971,8344650.679971
431810.959983,8344697.500039
431814.679964,8344699.439953
431810.749981,8344710.359956
431837.559998,8344721.080036
431837.909961,8344729.220013
431839.320042,8344746.239993
431842.240012,8344759.469999
431847.789975,8344774.259947
431853.150049,8344786.679952
431856.199961,8344790.340046
431858.909954,8344791.110010
431863.940016,8344790.740010
431867.559958,8344789.990012
431868.840027,8344790.500047
431870.149998,8344791.909986
431872.910049,8344799.359998
431874.049968,8344806.170031
431875.099976,8344813.250031
431877.930024,8344826.500016
431884.049949,8344839.890029
431893.960003,8344858.270017
431901.959963,8344867.599999
431913.210052,8344880.600037
431920.250000,8344887.069969
431924.480017,8344892.479968
431927.800020,8344902.410029
431930.820002,8344919.090040
431933.200002,8344934.630037
431933.849979,8344953.180018
431934.730022,8344972.349966
431933.149951,8344988.449965
431932.359982,8345002.750036
431930.070003,8345025.630007
431926.820036,8345051.509993
431920.770014,8345082.880012
431912.780043,8345107.540033
431901.000001,8345140.390035
431892.070045,8345158.769974
431881.089947,8345177.359968
431874.779950,8345192.800045
431870.399956,8345207.280000
431863.210036,8345223.920012
431852.500042,8345241.329994
431833.469960,8345268.219999
431812.609953,8345296.550002
431797.209963,8345313.759954
431778.359985,8345332.340014
431749.689962,8345357.479953
431729.590021,8345371.420032
431704.079972,8345385.650004
431694.980051,8345389.510045
431687.200015,8345392.639959
431656.569972,8345406.550045
431628.779960,8345418.339967
431616.589970,8345424.119957
431603.060030,8345429.559952
431594.220022,8345434.230041
431586.329966,8345441.779953
431579.709973,8345451.049966
431576.700024,8345456.009978
431574.910028,8345461.229995
431569.910053,8345465.680023
431563.570020,8345472.339974
431559.040007,8345480.370055
431554.129988,8345488.469947
431532.469981,8345506.300004
431527.059967,8345514.459955
431508.379949,8345528.619956
431498.729952,8345531.829945
431488.330018,8345534.629953
431478.220012,8345536.860038
431466.809995,8345539.970055
431456.440002,8345544.660035
431450.070016,8345549.899959
431444.789993,8345550.529981
431439.200041,8345552.140011
431438.709952,8345553.509957
431441.319977,8345559.719968
431434.120050,8345563.949947
431426.920033,8345569.369987
431418.750000,8345576.049972
431410.190025,8345581.129951
431399.109995,8345585.810013
431382.160009,8345590.519978
431361.689986,8345594.730019
431336.850041,8345599.020048
431313.370035,8345602.529957
431313.400008,8345605.639982
431307.730043,8345608.590024
431297.459977,8345615.040047
431286.840051,8345622.180044
431276.760028,8345628.540015
431257.269975,8345640.000024
431239.280020,8345649.320037
431216.840020,8345659.090004
431192.590023,8345669.489971
431182.349975,8345671.849969
431161.449984,8345677.939985
431156.559977,8345681.950017
431154.200030,8345687.849947
431135.749960,8345696.949989
431120.259986,8345704.020001
431106.140002,8345708.100050
431086.150016,8345714.150045
431065.080007,8345720.629945
431043.120034,8345731.020011
431022.879984,8345742.579984
431004.660042,8345752.760047
430996.679997,8345758.899998
430987.680018,8345766.519959
430984.479972,8345769.780034
430981.939956,8345771.370022
430976.429947,8345773.119990
430972.929951,8345774.200048
430968.709951,8345774.300000
430958.230006,8345772.990020
430946.640028,8345770.219966
430938.849947,8345769.829971
430933.329983,8345770.039973
430927.830053,8345770.609960
430919.410005,8345772.350053
430911.210018,8345775.410038
430903.510045,8345779.700026
430898.040049,8345784.599963
430891.829986,8345788.689963
430885.589946,8345790.580042
430880.490013,8345791.380031
430871.800013,8345790.310026
430860.100010,8345792.000002
430846.669955,8345794.970038
430839.020023,8345797.200019
430831.130036,8345802.039945
430824.219958,8345805.410033
430815.879975,8345809.570051
430806.760033,8345815.330005
430801.510016,8345818.600041
430795.900053,8345824.809960
430792.299999,8345832.650030
430790.769947,8345836.380044
430789.069989,8345839.999949
430785.809997,8345842.559989
430782.610013,8345844.080017
430776.809984,8345846.190022
430768.120025,8345847.879948
430749.969998,8345853.910009
430733.970020,8345859.039950
430725.569990,8345862.609985
430716.050043,8345866.199993
430710.299986,8345869.020030
430704.089979,8345870.849978
430689.650048,8345872.140021
430676.510020,8345873.009970
430670.749997,8345873.780013
430641.120023,8345882.890010
430640.869969,8345887.379983
430639.600038,8345890.140021
430633.909987,8345893.250016
430625.479992,8345894.429955
430615.429971,8345897.210038
430606.670018,8345900.289973
430600.359959,8345902.610053
430597.180010,8345903.519984
430592.329994,8345903.749997
430581.879962,8345903.859966
430566.590043,8345904.709997
430553.790008,8345904.989984
430530.300051,8345907.220003
430529.829959,8345911.600052
430523.179989,8345912.769983
430513.949962,8345912.830050
430494.629973,8345910.730025
430471.909959,8345905.499960
430468.149979,8345904.080040
430466.029996,8345901.959974
430464.060048,8345899.610052
430462.079995,8345898.439989
430459.980028,8345899.119991
430458.789990,8345902.280002
430459.549997,8345904.730041
430462.639976,8345911.080050
430466.489980,8345919.580010
430466.540041,8345927.790047
