#Saintes
#Grand Ilet
#RGAF09 / UTM zone 20N
#Source IGN
651344.500000,1751606.200000
651362.300000,1751577.100000
651385.900000,1751528.600000
651412.300000,1751482.000000
651442.400000,1751442.600000
651446.900000,1751439.300000
651450.200000,1751437.000000
651454.200000,1751436.800000
651460.000000,1751437.500000
651462.800000,1751438.200000
651472.600000,1751429.200000
651483.000000,1751409.700000
651483.000000,1751406.900000
651479.500000,1751403.400000
651473.400000,1751401.500000
651472.800000,1751401.000000
651465.800000,1751400.700000
651462.600000,1751400.700000
651463.200000,1751394.300000
651465.400000,1751389.500000
651490.400000,1751354.700000
651499.800000,1751341.200000
651499.800000,1751335.200000
651502.500000,1751333.200000
651506.100000,1751332.700000
651516.000000,1751333.000000
651521.000000,1751333.400000
651526.200000,1751333.400000
651547.300000,1751323.400000
651556.800000,1751323.700000
651563.700000,1751324.800000
651572.800000,1751322.100000
651580.000000,1751321.800000
651586.000000,1751321.200000
651593.000000,1751316.300000
651599.100000,1751301.600000
651601.900000,1751299.200000
651605.200000,1751295.600000
651608.000000,1751286.800000
651603.200000,1751280.300000
651585.100000,1751278.300000
651568.200000,1751279.100000
651560.200000,1751276.300000
651556.800000,1751274.400000
651552.900000,1751269.600000
651550.100000,1751266.200000
651547.100000,1751247.300000
651549.700000,1751226.200000
651549.900000,1751224.200000
651550.100000,1751221.700000
651550.300000,1751219.200000
651550.900000,1751216.900000
651553.000000,1751217.000000
651553.800000,1751214.900000
651552.500000,1751212.800000
651552.700000,1751210.600000
651553.800000,1751207.900000
651554.400000,1751205.300000
651554.600000,1751202.800000
651554.800000,1751200.600000
651555.300000,1751198.600000
651555.800000,1751196.300000
651556.400000,1751194.400000
651556.900000,1751192.200000
651558.000000,1751190.000000
651559.000000,1751188.000000
651561.200000,1751186.300000
651562.900000,1751184.500000
651564.000000,1751181.100000
651564.400000,1751177.500000
651564.400000,1751175.500000
651563.000000,1751173.900000
651561.600000,1751172.000000
651560.400000,1751170.300000
651559.000000,1751168.100000
651557.700000,1751166.600000
651556.600000,1751164.200000
651556.400000,1751161.800000
651557.000000,1751159.500000
651559.100000,1751157.300000
651561.300000,1751155.100000
651562.900000,1751153.600000
651565.400000,1751152.300000
651568.500000,1751151.100000
651571.400000,1751149.600000
651573.700000,1751149.200000
651574.500000,1751146.600000
651577.200000,1751146.700000
651579.500000,1751147.400000
651581.400000,1751148.800000
651583.900000,1751148.000000
651586.100000,1751146.400000
651587.800000,1751144.500000
651587.100000,1751142.200000
651586.700000,1751140.100000
651588.900000,1751138.700000
651590.400000,1751137.500000
651589.900000,1751135.300000
651588.300000,1751133.900000
651589.500000,1751131.100000
651591.300000,1751128.600000
651591.800000,1751125.000000
651593.100000,1751122.100000
651594.200000,1751119.800000
651596.500000,1751117.900000
651598.900000,1751116.400000
651600.100000,1751114.500000
651601.200000,1751112.200000
651602.000000,1751110.100000
651601.500000,1751108.000000
651599.000000,1751107.800000
651597.100000,1751107.500000
651595.500000,1751106.100000
651593.400000,1751105.300000
651590.700000,1751105.700000
651588.600000,1751106.500000
651585.900000,1751107.300000
651582.600000,1751107.600000
651581.000000,1751109.500000
651578.700000,1751113.100000
651577.200000,1751115.400000
651575.500000,1751117.300000
651573.900000,1751118.600000
651572.200000,1751120.500000
651569.300000,1751122.600000
651566.800000,1751125.200000
651564.700000,1751126.100000
651562.400000,1751128.100000
651560.600000,1751131.400000
651558.800000,1751133.700000
651557.200000,1751136.200000
651555.500000,1751137.700000
651553.800000,1751139.500000
651551.900000,1751141.000000
651549.700000,1751140.700000
651546.900000,1751139.900000
651544.500000,1751140.100000
651542.200000,1751140.100000
651540.100000,1751139.300000
651538.900000,1751137.200000
651537.900000,1751135.000000
651536.600000,1751132.900000
651536.200000,1751130.800000
651535.800000,1751128.500000
651534.800000,1751125.500000
651533.400000,1751123.300000
651531.900000,1751121.200000
651530.700000,1751119.000000
651529.100000,1751117.200000
651526.800000,1751115.300000
651525.000000,1751114.000000
651523.100000,1751115.700000
651522.300000,1751113.800000
651521.700000,1751111.600000
651519.600000,1751110.000000
651517.300000,1751109.700000
651516.700000,1751112.000000
651517.800000,1751113.800000
651515.900000,1751112.100000
651513.600000,1751111.100000
651511.400000,1751110.600000
651509.800000,1751108.400000
651507.900000,1751106.200000
651507.100000,1751103.600000
651507.400000,1751101.100000
651507.200000,1751098.800000
651504.200000,1751098.300000
651501.100000,1751097.700000
651498.800000,1751097.900000
651496.500000,1751098.000000
651493.800000,1751097.700000
651492.400000,1751096.100000
651491.700000,1751093.900000
651491.500000,1751091.600000
651492.300000,1751089.200000
651493.700000,1751087.500000
651495.400000,1751085.600000
651496.700000,1751083.600000
651498.200000,1751081.600000
651499.700000,1751079.500000
651501.900000,1751078.900000
651504.800000,1751078.800000
651508.700000,1751077.400000
651511.100000,1751076.300000
651513.000000,1751075.200000
651514.800000,1751073.100000
651515.700000,1751070.900000
651515.200000,1751068.400000
651513.300000,1751067.300000
651511.200000,1751066.300000
651510.200000,1751064.200000
651509.500000,1751062.000000
651508.500000,1751059.600000
651508.300000,1751057.100000
651508.500000,1751055.000000
651507.000000,1751053.300000
651504.700000,1751053.200000
651502.400000,1751052.400000
651500.000000,1751052.300000
651498.300000,1751050.500000
651500.000000,1751049.200000
651502.100000,1751050.700000
651504.300000,1751051.200000
651505.600000,1751049.500000
651506.100000,1751047.400000
651508.000000,1751045.700000
651509.000000,1751043.200000
651506.900000,1751041.000000
651504.800000,1751040.800000
651502.600000,1751040.800000
651500.300000,1751041.400000
651498.400000,1751040.700000
651498.700000,1751038.500000
651499.100000,1751036.400000
651499.400000,1751034.100000
651500.000000,1751031.600000
651501.600000,1751029.500000
651503.100000,1751027.500000
651504.100000,1751025.400000
651505.300000,1751023.500000
651506.100000,1751021.600000
651506.600000,1751019.000000
651508.300000,1751017.200000
651510.500000,1751018.500000
651511.300000,1751020.700000
651512.200000,1751023.000000
651514.500000,1751023.300000
651516.800000,1751022.600000
651518.500000,1751020.800000
651520.300000,1751018.900000
651522.200000,1751017.200000
651522.600000,1751014.000000
651522.600000,1751011.600000
651522.000000,1751009.600000
651521.800000,1751007.100000
651521.100000,1751005.000000
651523.300000,1751005.300000
651525.400000,1751005.600000
651527.700000,1751005.100000
651529.000000,1751003.100000
651530.200000,1751001.000000
651531.000000,1750998.300000
651531.200000,1750995.500000
651529.800000,1750993.900000
651528.200000,1750992.400000
651526.100000,1750991.100000
651524.100000,1750989.300000
651524.000000,1750987.000000
651527.000000,1750984.500000
651529.400000,1750982.500000
651533.500000,1750981.200000
651535.800000,1750981.600000
651537.900000,1750982.900000
651539.800000,1750983.500000
651541.900000,1750983.400000
651544.900000,1750983.200000
651546.700000,1750984.700000
651548.800000,1750984.900000
651551.900000,1750985.100000
651554.100000,1750983.900000
651554.300000,1750981.800000
651554.500000,1750979.700000
651556.500000,1750978.700000
651560.500000,1750980.600000
651562.800000,1750981.500000
651564.400000,1750978.500000
651564.300000,1750976.500000
651564.500000,1750974.400000
651567.200000,1750973.900000
651568.300000,1750971.500000
651567.900000,1750968.800000
651567.800000,1750966.500000
651566.800000,1750964.700000
651564.700000,1750965.200000
651562.800000,1750966.200000
651562.000000,1750964.100000
651560.900000,1750961.800000
651559.600000,1750959.600000
651558.600000,1750957.400000
651557.800000,1750955.300000
651555.500000,1750954.700000
651553.400000,1750953.900000
651551.500000,1750951.900000
651550.300000,1750950.300000
651549.700000,1750947.700000
651549.900000,1750945.600000
651550.400000,1750943.200000
651550.500000,1750940.000000
651550.200000,1750937.900000
651549.900000,1750935.600000
651549.000000,1750933.700000
651546.200000,1750935.500000
651544.100000,1750938.400000
651542.900000,1750940.700000
651540.800000,1750940.200000
651539.100000,1750938.700000
651537.200000,1750937.300000
651534.500000,1750936.500000
651534.400000,1750933.500000
651535.300000,1750930.900000
651535.900000,1750928.500000
651536.600000,1750926.600000
651538.700000,1750926.700000
651541.300000,1750926.700000
651543.400000,1750926.800000
651545.800000,1750926.400000
651548.100000,1750925.300000
651549.900000,1750924.100000
651548.500000,1750922.600000
651546.200000,1750922.000000
651544.300000,1750920.900000
651540.700000,1750919.400000
651538.400000,1750918.700000
651536.300000,1750918.800000
651532.700000,1750918.500000
651530.500000,1750919.000000
651528.400000,1750919.300000
651526.100000,1750918.900000
651523.300000,1750918.900000
651520.900000,1750918.400000
651519.200000,1750917.200000
651516.700000,1750917.300000
651514.400000,1750917.200000
651512.400000,1750916.100000
651512.400000,1750913.500000
651513.000000,1750911.500000
651513.600000,1750909.300000
651514.800000,1750907.300000
651516.000000,1750904.600000
651516.500000,1750902.400000
651516.000000,1750899.700000
651517.000000,1750897.200000
651517.200000,1750894.800000
651515.800000,1750891.900000
651518.200000,1750892.200000
651519.400000,1750890.000000
651519.300000,1750887.700000
651518.300000,1750885.400000
651516.200000,1750884.900000
651516.500000,1750882.700000
651517.700000,1750880.200000
651518.700000,1750878.300000
651519.300000,1750876.100000
651517.600000,1750871.800000
651516.300000,1750868.300000
651516.100000,1750865.900000
651513.900000,1750864.800000
651511.200000,1750864.700000
651508.400000,1750865.300000
651509.700000,1750868.000000
651510.400000,1750870.300000
651509.400000,1750872.600000
651507.700000,1750873.800000
651505.300000,1750875.500000
651503.400000,1750874.800000
651502.100000,1750873.300000
651500.200000,1750872.400000
651498.900000,1750870.700000
651498.800000,1750868.500000
651498.300000,1750866.300000
651496.200000,1750865.800000
651493.800000,1750867.100000
651492.400000,1750869.400000
651491.600000,1750871.300000
651491.000000,1750873.900000
651493.200000,1750876.400000
651491.000000,1750876.800000
651487.700000,1750876.800000
651485.300000,1750877.500000
651484.300000,1750879.300000
651483.100000,1750882.700000
651482.000000,1750884.400000
651479.700000,1750884.500000
651479.800000,1750881.700000
651479.800000,1750879.200000
651477.100000,1750879.500000
651473.300000,1750881.500000
651470.600000,1750882.800000
651468.600000,1750883.700000
651466.300000,1750884.500000
651462.200000,1750885.500000
651460.000000,1750885.000000
651457.100000,1750885.000000
651454.700000,1750886.600000
651452.700000,1750885.700000
651451.600000,1750884.000000
651448.800000,1750884.900000
651446.900000,1750883.600000
651447.000000,1750881.200000
651446.000000,1750879.300000
651444.100000,1750878.600000
651441.300000,1750878.000000
651439.100000,1750877.100000
651436.900000,1750878.500000
651435.200000,1750879.900000
651433.300000,1750880.500000
651430.500000,1750877.700000
651427.400000,1750878.300000
651425.400000,1750879.500000
651423.100000,1750879.900000
651421.200000,1750878.900000
651421.400000,1750876.300000
651423.300000,1750874.200000
651425.200000,1750872.800000
651427.200000,1750870.400000
651430.400000,1750870.000000
651433.100000,1750871.800000
651435.500000,1750868.800000
651435.400000,1750866.700000
651433.700000,1750865.500000
651431.400000,1750865.200000
651427.900000,1750865.100000
651425.100000,1750866.500000
651422.900000,1750869.200000
651421.100000,1750871.100000
651418.800000,1750874.200000
651417.700000,1750876.000000
651417.600000,1750873.600000
651417.100000,1750871.700000
651414.100000,1750872.300000
651412.300000,1750874.000000
651410.400000,1750875.300000
651409.300000,1750877.400000
651408.400000,1750880.100000
651410.700000,1750883.500000
651414.100000,1750884.500000
651416.600000,1750885.100000
651416.700000,1750888.200000
651416.800000,1750890.700000
651418.600000,1750891.900000
651420.200000,1750893.500000
651421.700000,1750895.200000
651423.600000,1750896.400000
651425.400000,1750898.700000
651424.700000,1750901.500000
651421.800000,1750903.700000
651420.300000,1750905.900000
651419.900000,1750909.400000
651419.800000,1750912.300000
651419.000000,1750915.900000
651417.200000,1750918.800000
651415.200000,1750920.900000
651414.500000,1750923.000000
651414.900000,1750925.100000
651412.500000,1750928.100000
651412.400000,1750930.900000
651412.200000,1750933.000000
651410.900000,1750936.300000
651408.200000,1750939.000000
651405.600000,1750940.400000
651403.600000,1750941.400000
651403.800000,1750944.500000
651404.200000,1750946.700000
651403.500000,1750948.500000
651401.500000,1750951.800000
651400.100000,1750954.700000
651398.600000,1750956.700000
651396.500000,1750957.700000
651394.700000,1750958.800000
651392.600000,1750960.700000
651390.100000,1750963.600000
651386.600000,1750966.600000
651384.200000,1750967.700000
651382.300000,1750968.700000
651379.300000,1750969.900000
651376.300000,1750970.600000
651372.800000,1750971.100000
651369.300000,1750973.100000
651363.300000,1750974.700000
651355.900000,1750976.100000
651349.700000,1750976.400000
651347.500000,1750977.300000
651344.600000,1750977.300000
651339.400000,1750977.600000
651336.700000,1750977.600000
651334.400000,1750977.500000
651331.200000,1750977.200000
651329.100000,1750977.100000
651326.800000,1750977.200000
651324.700000,1750977.100000
651322.900000,1750975.600000
651319.600000,1750976.200000
651317.500000,1750977.100000
651313.900000,1750979.000000
651311.800000,1750980.100000
651309.300000,1750981.000000
651306.900000,1750980.700000
651305.000000,1750979.000000
651303.400000,1750977.600000
651301.100000,1750977.100000
651297.900000,1750976.900000
651295.100000,1750978.200000
651293.200000,1750979.300000
651290.700000,1750979.200000
651288.600000,1750979.000000
651286.400000,1750978.900000
651284.800000,1750976.500000
651283.800000,1750974.300000
651281.500000,1750974.300000
651281.700000,1750971.400000
651281.400000,1750969.200000
651279.300000,1750969.600000
651276.800000,1750971.600000
651275.100000,1750973.500000
651273.300000,1750975.200000
651270.900000,1750977.100000
651269.100000,1750977.900000
651266.700000,1750978.500000
651263.900000,1750978.900000
651262.200000,1750979.900000
651259.700000,1750981.000000
651256.000000,1750982.700000
651253.200000,1750983.900000
651247.600000,1750984.400000
651244.400000,1750984.600000
651241.900000,1750984.700000
651239.300000,1750983.600000
651237.200000,1750983.400000
651235.000000,1750985.600000
651233.800000,1750987.500000
651231.200000,1750987.500000
651228.100000,1750987.500000
651226.000000,1750987.400000
651223.300000,1750987.100000
651219.700000,1750986.800000
651217.900000,1750985.900000
651217.100000,1750984.000000
651218.500000,1750981.500000
651217.000000,1750979.600000
651214.800000,1750980.100000
651212.500000,1750980.800000
651210.700000,1750982.000000
651207.800000,1750981.800000
651205.500000,1750982.200000
651204.400000,1750984.200000
651206.300000,1750985.700000
651207.300000,1750987.600000
651204.700000,1750988.000000
651202.200000,1750987.900000
651201.800000,1750990.000000
651199.600000,1750990.000000
651198.600000,1750987.900000
651197.000000,1750985.400000
651195.000000,1750984.600000
651193.600000,1750986.900000
651193.900000,1750990.100000
651194.500000,1750993.000000
651193.200000,1750994.900000
651190.600000,1750993.300000
651188.200000,1750990.200000
651186.500000,1750988.200000
651184.000000,1750986.300000
651182.100000,1750984.500000
651181.700000,1750982.100000
651181.500000,1750977.800000
651180.300000,1750974.700000
651178.900000,1750972.500000
651175.600000,1750970.100000
651172.600000,1750969.800000
651170.600000,1750968.800000
651168.300000,1750968.200000
651165.000000,1750968.800000
651163.300000,1750969.900000
651161.800000,1750971.700000
651161.400000,1750974.400000
651163.500000,1750976.700000
651166.800000,1750979.500000
651169.500000,1750981.100000
651170.100000,1750983.800000
651169.500000,1750986.500000
651167.600000,1750988.700000
651166.700000,1750992.000000
651165.700000,1750994.000000
651163.300000,1750996.800000
651161.100000,1750998.200000
651158.300000,1750999.200000
651155.800000,1750999.600000
651153.800000,1751000.600000
651152.500000,1751002.800000
651151.300000,1751004.800000
651149.400000,1751007.100000
651146.400000,1751008.700000
651143.900000,1751009.300000
651141.400000,1751008.100000
651139.600000,1751007.000000
651137.700000,1751007.600000
651136.200000,1751009.400000
651134.600000,1751011.400000
651132.500000,1751012.800000
651130.100000,1751011.500000
651128.000000,1751010.200000
651125.300000,1751009.900000
651123.400000,1751010.900000
651121.500000,1751012.600000
651119.300000,1751013.500000
651116.800000,1751014.300000
651114.700000,1751014.000000
651112.300000,1751014.700000
651110.500000,1751016.000000
651108.200000,1751016.100000
651105.100000,1751016.000000
651103.100000,1751015.300000
651100.500000,1751016.000000
651097.100000,1751016.500000
651094.200000,1751015.700000
651091.200000,1751016.700000
651089.000000,1751017.100000
651086.600000,1751016.800000
651084.500000,1751016.800000
651082.400000,1751017.100000
651079.700000,1751016.600000
651077.700000,1751016.200000
651074.800000,1751018.200000
651074.100000,1751020.300000
651071.200000,1751020.500000
651069.100000,1751019.700000
651067.100000,1751020.700000
651064.400000,1751021.600000
651061.300000,1751021.400000
651058.900000,1751021.300000
651055.100000,1751020.800000
651052.200000,1751020.600000
651050.200000,1751019.400000
651047.300000,1751019.200000
651044.400000,1751019.700000
651042.000000,1751021.300000
651036.900000,1751021.800000
651033.800000,1751021.800000
651030.800000,1751022.000000
651028.600000,1751021.900000
651025.000000,1751021.800000
651020.000000,1751023.200000
651014.900000,1751024.300000
651011.700000,1751025.200000
651010.000000,1751026.500000
651006.900000,1751027.400000
651005.000000,1751029.600000
651002.500000,1751034.200000
651001.100000,1751037.100000
651000.100000,1751039.300000
650999.400000,1751041.300000
650998.100000,1751043.200000
650994.800000,1751044.900000
650993.000000,1751046.000000
650991.000000,1751046.500000
650989.000000,1751047.200000
650985.800000,1751048.500000
650983.300000,1751049.700000
650980.600000,1751051.000000
650977.400000,1751052.400000
650975.300000,1751052.900000
650973.000000,1751053.500000
650970.900000,1751055.900000
650969.000000,1751056.900000
650966.700000,1751056.900000
650962.400000,1751056.900000
650959.900000,1751057.300000
650955.800000,1751058.700000
650953.900000,1751060.000000
650951.800000,1751062.400000
650950.500000,1751064.400000
650948.100000,1751067.400000
650944.700000,1751070.000000
650942.600000,1751071.700000
650941.200000,1751073.700000
650939.300000,1751075.500000
650938.200000,1751077.300000
650935.000000,1751081.700000
650932.600000,1751085.400000
650929.800000,1751088.000000
650928.100000,1751089.800000
650926.200000,1751091.500000
650923.400000,1751092.600000
650920.700000,1751093.900000
650918.700000,1751095.000000
650917.500000,1751096.700000
650917.400000,1751099.300000
650917.200000,1751101.400000
650910.600000,1751111.100000
650908.200000,1751112.400000
650905.800000,1751114.700000
650904.000000,1751116.000000
650902.000000,1751117.800000
650900.200000,1751119.200000
650897.900000,1751121.300000
650896.300000,1751123.400000
650894.300000,1751124.800000
650892.700000,1751126.900000
650891.300000,1751128.400000
650890.900000,1751129.500000
650878.300000,1751140.900000
650845.300000,1751167.700000
650822.300000,1751182.200000
650799.500000,1751194.700000
650777.400000,1751202.200000
650748.900000,1751210.900000
650729.800000,1751213.100000
650707.600000,1751217.000000
650695.500000,1751216.400000
650679.400000,1751214.300000
650656.200000,1751205.800000
650620.600000,1751195.600000
650586.700000,1751181.300000
650559.000000,1751168.900000
650544.400000,1751166.000000
650509.500000,1751159.500000
650500.600000,1751158.500000
650493.800000,1751159.800000
650483.200000,1751164.600000
650476.800000,1751166.600000
650467.000000,1751166.300000
650464.700000,1751168.200000
650438.300000,1751183.300000
650433.200000,1751186.300000
650425.000000,1751190.400000
650415.700000,1751189.700000
650402.100000,1751188.700000
650340.200000,1751186.000000
650336.700000,1751186.500000
650335.300000,1751188.500000
650333.000000,1751194.000000
650325.700000,1751201.200000
650319.800000,1751209.000000
650313.200000,1751211.000000
650282.300000,1751217.400000
650275.200000,1751221.500000
650266.900000,1751225.600000
650246.600000,1751239.100000
650234.300000,1751244.700000
650218.800000,1751247.900000
650208.600000,1751252.100000
650199.000000,1751256.100000
650188.900000,1751259.400000
650177.800000,1751261.900000
650165.500000,1751262.700000
650146.600000,1751269.200000
650138.500000,1751271.600000
650127.900000,1751273.700000
650103.600000,1751280.700000
650095.800000,1751286.200000
650084.400000,1751299.600000
650083.100000,1751307.600000
650086.100000,1751313.500000
650099.200000,1751331.100000
650107.200000,1751334.900000
650117.300000,1751339.000000
650126.500000,1751339.400000
650156.200000,1751332.000000
650200.000000,1751321.000000
650220.900000,1751321.000000
650233.600000,1751323.200000
650278.900000,1751333.100000
650290.200000,1751337.000000
650295.200000,1751339.600000
650309.100000,1751346.700000
650315.000000,1751354.400000
650318.700000,1751361.800000
650332.000000,1751381.300000
650346.800000,1751390.300000
650362.100000,1751400.300000
650390.200000,1751422.700000
650392.600000,1751428.900000
650412.000000,1751477.000000
650424.300000,1751518.800000
650428.100000,1751543.700000
650428.400000,1751570.300000
650427.200000,1751584.000000
650422.700000,1751587.600000
650417.900000,1751590.700000
650414.900000,1751590.200000
650410.300000,1751594.800000
650403.700000,1751615.200000
650405.000000,1751616.800000
650409.000000,1751617.700000
650413.500000,1751616.000000
650415.100000,1751608.200000
650416.500000,1751605.400000
650423.100000,1751604.700000
650428.300000,1751611.300000
650428.300000,1751615.200000
650428.600000,1751622.400000
650431.900000,1751624.600000
650438.400000,1751624.800000
650444.600000,1751625.700000
650458.800000,1751632.200000
650474.600000,1751643.400000
650497.000000,1751670.800000
650502.400000,1751676.900000
650513.700000,1751681.900000
650534.800000,1751685.200000
650555.600000,1751688.500000
650598.600000,1751703.200000
650632.000000,1751725.100000
650667.900000,1751755.700000
650684.800000,1751776.300000
650690.900000,1751790.400000
650698.200000,1751804.800000
650701.400000,1751822.900000
650708.100000,1751834.400000
650718.200000,1751857.800000
650727.000000,1751906.000000
650732.800000,1751922.400000
650737.600000,1751936.300000
650748.800000,1751951.800000
650754.300000,1751965.200000
650761.300000,1751973.300000
650773.200000,1751998.900000
650773.700000,1752009.200000
650768.300000,1752012.600000
650774.400000,1752032.200000
650780.000000,1752040.300000
650787.800000,1752049.900000
650797.300000,1752053.500000
650799.800000,1752065.200000
650804.400000,1752071.300000
650821.600000,1752079.900000
650825.800000,1752079.800000
650829.500000,1752077.600000
650830.000000,1752070.600000
650833.200000,1752066.400000
650830.000000,1752059.300000
650828.900000,1752057.400000
650839.300000,1752047.000000
650842.500000,1752042.900000
650844.800000,1752039.400000
650847.100000,1752060.400000
650861.800000,1752068.700000
650874.800000,1752073.100000
650876.200000,1752069.900000
650877.600000,1752059.500000
650882.000000,1752024.600000
650878.400000,1752011.500000
650872.700000,1752006.800000
650871.200000,1752004.200000
650871.400000,1752001.500000
650879.200000,1751997.100000
650882.800000,1751997.100000
650892.400000,1752002.300000
650897.100000,1752002.900000
650898.300000,1751998.700000
650903.800000,1751997.200000
650910.100000,1751999.300000
650915.100000,1751999.100000
650923.400000,1751989.500000
650925.400000,1751984.400000
650925.400000,1751977.400000
650932.900000,1751970.500000
650932.800000,1751964.400000
650932.100000,1751955.000000
650935.300000,1751949.600000
650940.300000,1751946.800000
650941.400000,1751945.900000
650940.100000,1751934.500000
650936.400000,1751932.900000
650932.600000,1751920.700000
650933.500000,1751910.500000
650942.100000,1751905.900000
650961.300000,1751896.900000
650989.800000,1751891.800000
651024.300000,1751869.700000
651045.000000,1751855.800000
651066.200000,1751836.200000
651087.700000,1751818.600000
651099.900000,1751806.600000
651121.900000,1751787.900000
651140.100000,1751774.100000
651162.600000,1751757.500000
651192.500000,1751736.700000
651232.000000,1751715.600000
651262.500000,1751699.000000
651288.600000,1751679.100000
651306.700000,1751660.800000
651328.300000,1751632.900000
651344.500000,1751606.200000
