#Saintes
#Ilet à Cabrit
#RGAF09 / UTM zone 20N
#Source IGN
650580.000000,1755276.200000
650592.700000,1755286.800000
650596.300000,1755288.700000
650597.900000,1755288.900000
650600.900000,1755289.400000
650603.300000,1755292.300000
650614.800000,1755308.400000
650622.000000,1755324.800000
650624.500000,1755334.200000
650629.100000,1755341.300000
650641.600000,1755357.000000
650672.100000,1755395.900000
650683.400000,1755413.400000
650690.000000,1755427.600000
650692.400000,1755444.900000
650692.600000,1755464.700000
650690.700000,1755471.800000
650686.200000,1755490.500000
650683.700000,1755496.200000
650684.000000,1755520.800000
650689.400000,1755547.300000
650692.800000,1755553.800000
650714.200000,1755582.900000
650732.500000,1755603.100000
650761.700000,1755631.100000
650802.500000,1755666.300000
650811.100000,1755672.300000
650816.400000,1755668.300000
650819.800000,1755671.200000
650823.600000,1755675.900000
650829.200000,1755685.600000
650831.100000,1755693.300000
650833.800000,1755699.400000
650849.000000,1755709.300000
650854.000000,1755716.400000
650855.500000,1755722.000000
650854.100000,1755725.200000
650845.400000,1755726.900000
650842.400000,1755728.900000
650841.000000,1755738.900000
650841.000000,1755746.200000
650842.600000,1755753.000000
650846.300000,1755762.100000
650850.500000,1755766.800000
650856.700000,1755770.500000
650863.500000,1755774.800000
650866.700000,1755774.600000
650870.100000,1755774.300000
650871.500000,1755778.000000
650868.600000,1755781.500000
650867.000000,1755782.500000
650861.000000,1755789.200000
650853.700000,1755796.200000
650846.600000,1755798.700000
650838.300000,1755795.900000
650834.600000,1755785.600000
650829.700000,1755780.500000
650825.300000,1755779.100000
650810.200000,1755785.700000
650803.900000,1755791.800000
650796.200000,1755806.800000
650788.200000,1755819.900000
650782.900000,1755822.600000
650780.100000,1755825.100000
650779.600000,1755831.200000
650780.500000,1755837.900000
650787.000000,1755856.100000
650790.600000,1755862.400000
650794.300000,1755867.500000
650798.600000,1755880.100000
650799.700000,1755888.500000
650799.900000,1755903.300000
650797.000000,1755911.800000
650786.100000,1755930.300000
650776.400000,1755935.100000
650765.500000,1755935.800000
650749.800000,1755934.800000
650740.000000,1755927.100000
650736.100000,1755920.600000
650734.500000,1755911.500000
650732.900000,1755906.100000
650729.100000,1755905.100000
650721.000000,1755906.100000
650716.600000,1755909.200000
650715.100000,1755912.700000
650715.400000,1755919.500000
650721.700000,1755930.900000
650722.600000,1755935.400000
650720.900000,1755937.300000
650720.300000,1755940.000000
650721.000000,1755947.900000
650723.100000,1755949.900000
650722.600000,1755954.800000
650720.100000,1755957.100000
650682.300000,1755967.000000
650681.000000,1755959.200000
650680.800000,1755955.000000
650679.300000,1755951.600000
650671.200000,1755944.200000
650668.900000,1755939.800000
650667.000000,1755937.800000
650662.900000,1755936.600000
650659.100000,1755937.400000
650652.100000,1755940.200000
650642.800000,1755951.400000
650618.700000,1755977.900000
650617.800000,1755978.600000
650600.700000,1755990.500000
650596.300000,1755992.600000
650564.400000,1756014.200000
650557.800000,1756016.800000
650551.800000,1756011.900000
650550.500000,1756008.200000
650554.100000,1755998.900000
650564.300000,1755983.200000
650569.000000,1755975.700000
650570.200000,1755968.100000
650569.500000,1755955.100000
650563.600000,1755929.100000
650552.600000,1755899.800000
650541.200000,1755873.000000
650524.400000,1755851.300000
650500.400000,1755836.600000
650479.600000,1755830.800000
650469.300000,1755832.100000
650463.700000,1755836.400000
650459.300000,1755838.500000
650454.500000,1755838.100000
650452.200000,1755840.100000
650448.000000,1755841.900000
650422.900000,1755848.300000
650416.100000,1755847.000000
650410.400000,1755848.700000
650392.900000,1755855.300000
650387.600000,1755854.700000
650382.100000,1755853.400000
650375.500000,1755855.900000
650369.400000,1755859.700000
650365.300000,1755862.500000
650358.800000,1755860.200000
650344.500000,1755862.800000
650340.400000,1755864.200000
650336.200000,1755868.700000
650328.800000,1755883.300000
650322.800000,1755891.400000
650316.400000,1755898.500000
650291.200000,1755915.600000
650275.300000,1755919.800000
650264.100000,1755920.000000
650256.500000,1755918.600000
650229.500000,1755901.700000
650226.200000,1755891.500000
650223.400000,1755882.400000
650220.500000,1755876.400000
650211.500000,1755865.600000
650196.400000,1755858.100000
650172.700000,1755846.200000
650138.200000,1755836.600000
650110.700000,1755834.600000
650084.300000,1755836.500000
650057.400000,1755842.900000
650031.900000,1755856.800000
650012.900000,1755871.300000
649990.500000,1755895.200000
649976.300000,1755913.100000
649959.300000,1755933.900000
649948.600000,1755953.700000
649937.900000,1755978.000000
649934.400000,1755984.700000
649931.400000,1755986.700000
649928.200000,1755985.800000
649912.400000,1755973.900000
649892.100000,1755960.500000
649873.900000,1755947.900000
649848.600000,1755941.600000
649828.900000,1755938.600000
649796.700000,1755928.700000
649785.500000,1755921.800000
649767.900000,1755911.700000
649764.400000,1755911.300000
649763.100000,1755912.200000
649758.400000,1755910.100000
649746.300000,1755904.800000
649740.300000,1755904.500000
649737.300000,1755905.000000
649732.100000,1755898.600000
649729.000000,1755896.300000
649722.300000,1755889.600000
649721.000000,1755887.800000
649717.700000,1755886.000000
649714.200000,1755886.500000
649709.600000,1755889.000000
649706.200000,1755889.300000
649703.100000,1755886.800000
649702.200000,1755884.100000
649703.900000,1755881.700000
649707.700000,1755880.700000
649709.500000,1755880.000000
649709.000000,1755875.900000
649710.300000,1755874.600000
649713.300000,1755874.100000
649717.900000,1755868.900000
649719.500000,1755862.300000
649719.400000,1755856.900000
649726.300000,1755843.700000
649742.400000,1755816.200000
649757.400000,1755787.200000
649772.700000,1755762.400000
649788.100000,1755746.100000
649800.400000,1755736.400000
649822.100000,1755725.400000
649851.300000,1755715.800000
649878.400000,1755713.100000
649914.000000,1755710.500000
649927.900000,1755712.000000
649933.500000,1755713.900000
649939.900000,1755712.600000
649971.100000,1755705.400000
649978.100000,1755701.400000
649996.400000,1755692.900000
650025.800000,1755683.300000
650045.100000,1755672.200000
650067.900000,1755660.000000
650099.400000,1755652.900000
650140.400000,1755644.500000
650199.800000,1755631.200000
650234.500000,1755615.700000
650248.500000,1755603.700000
650275.200000,1755575.300000
650295.600000,1755548.600000
650315.500000,1755516.000000
650333.400000,1755480.800000
650343.200000,1755456.700000
650345.400000,1755437.200000
650348.700000,1755403.400000
650351.800000,1755397.300000
650354.000000,1755392.900000
650384.500000,1755354.100000
650416.800000,1755313.000000
650429.300000,1755300.400000
650436.400000,1755297.600000
650478.400000,1755275.000000
650503.500000,1755263.400000
650523.100000,1755261.100000
650545.800000,1755260.100000
650555.700000,1755262.000000
650572.900000,1755270.500000
650580.000000,1755276.200000
