#Saintes
#Terre Bas
#RGAF09 / UTM zone 20N
#Source IGN
647231.500000,1753925.400000
647233.000000,1753923.600000
647240.300000,1753906.000000
647249.100000,1753886.500000
647254.300000,1753874.200000
647258.000000,1753869.400000
647265.400000,1753855.600000
647276.600000,1753839.400000
647291.500000,1753823.200000
647305.200000,1753812.800000
647319.400000,1753804.700000
647333.200000,1753799.900000
647344.800000,1753798.000000
647362.300000,1753798.500000
647386.300000,1753801.800000
647406.800000,1753806.700000
647430.800000,1753812.900000
647447.500000,1753814.800000
647453.100000,1753816.000000
647458.200000,1753818.800000
647477.900000,1753825.400000
647480.700000,1753824.900000
647484.500000,1753824.500000
647487.000000,1753825.700000
647489.900000,1753827.000000
647491.500000,1753827.600000
647492.700000,1753825.600000
647493.400000,1753823.700000
647499.100000,1753822.900000
647506.900000,1753822.400000
647510.900000,1753822.900000
647515.100000,1753826.700000
647521.500000,1753831.800000
647532.000000,1753835.700000
647538.900000,1753836.100000
647549.200000,1753833.700000
647556.000000,1753830.800000
647565.800000,1753831.300000
647577.800000,1753831.100000
647584.300000,1753832.600000
647597.700000,1753832.400000
647606.700000,1753834.600000
647620.800000,1753837.700000
647624.400000,1753839.400000
647629.600000,1753840.200000
647636.200000,1753841.000000
647643.300000,1753840.500000
647670.400000,1753837.500000
647687.100000,1753836.700000
647694.000000,1753837.100000
647704.800000,1753833.600000
647713.800000,1753830.100000
647716.900000,1753828.700000
647727.200000,1753821.000000
647731.700000,1753820.000000
647734.300000,1753819.300000
647737.900000,1753817.700000
647745.900000,1753811.300000
647747.100000,1753810.100000
647754.800000,1753804.300000
647766.600000,1753796.100000
647783.200000,1753788.800000
647797.200000,1753781.000000
647820.100000,1753769.300000
647833.100000,1753763.200000
647844.300000,1753760.300000
647857.000000,1753756.400000
647867.200000,1753755.400000
647882.400000,1753755.500000
647894.600000,1753754.200000
647904.500000,1753754.400000
647910.800000,1753755.000000
647925.700000,1753756.300000
647929.400000,1753756.600000
647947.800000,1753757.100000
647953.300000,1753759.900000
647958.300000,1753760.100000
647976.200000,1753754.400000
647982.000000,1753752.700000
647994.100000,1753750.500000
648008.800000,1753750.700000
648024.300000,1753752.300000
648040.900000,1753751.300000
648049.000000,1753752.200000
648056.700000,1753754.500000
648069.400000,1753756.600000
648078.000000,1753755.200000
648080.600000,1753754.700000
648094.900000,1753750.900000
648099.400000,1753749.500000
648101.300000,1753748.100000
648105.700000,1753748.100000
648114.700000,1753747.400000
648122.500000,1753745.600000
648125.300000,1753745.000000
648134.100000,1753742.700000
648138.500000,1753740.600000
648144.000000,1753734.100000
648146.000000,1753731.800000
648148.500000,1753725.000000
648147.300000,1753720.200000
648151.300000,1753717.200000
648154.500000,1753715.500000
648158.800000,1753711.200000
648160.300000,1753710.200000
648164.400000,1753710.400000
648167.900000,1753710.500000
648169.900000,1753710.300000
648171.100000,1753706.800000
648171.200000,1753704.800000
648172.500000,1753703.300000
648179.400000,1753699.500000
648182.700000,1753700.300000
648184.500000,1753699.600000
648200.500000,1753689.300000
648208.800000,1753684.300000
648209.600000,1753681.700000
648211.300000,1753676.000000
648214.900000,1753668.700000
648223.400000,1753660.300000
648229.300000,1753655.500000
648233.700000,1753650.900000
648238.200000,1753643.000000
648239.600000,1753638.400000
648241.500000,1753634.600000
648245.500000,1753631.600000
648247.600000,1753631.100000
648252.200000,1753622.500000
648253.500000,1753612.200000
648251.000000,1753611.300000
648250.400000,1753607.800000
648252.200000,1753599.100000
648253.700000,1753591.500000
648257.200000,1753583.300000
648260.300000,1753576.500000
648264.700000,1753571.500000
648268.700000,1753567.200000
648263.900000,1753564.300000
648262.600000,1753563.100000
648260.800000,1753559.300000
648262.000000,1753558.400000
648262.600000,1753555.900000
648261.200000,1753555.200000
648260.400000,1753554.800000
648261.300000,1753551.700000
648265.200000,1753541.500000
648269.200000,1753537.300000
648277.600000,1753524.700000
648290.000000,1753509.900000
648292.900000,1753508.800000
648296.000000,1753508.600000
648298.700000,1753510.500000
648303.700000,1753512.100000
648306.700000,1753511.900000
648313.000000,1753509.500000
648318.100000,1753502.100000
648319.800000,1753499.500000
648323.400000,1753496.800000
648330.900000,1753489.400000
648338.700000,1753478.600000
648345.300000,1753467.900000
648350.800000,1753455.400000
648356.900000,1753441.300000
648361.400000,1753425.700000
648364.800000,1753408.800000
648364.500000,1753397.200000
648362.100000,1753391.000000
648361.300000,1753388.600000
648358.100000,1753382.200000
648357.600000,1753378.300000
648357.600000,1753375.900000
648358.800000,1753373.500000
648359.300000,1753372.300000
648358.300000,1753369.600000
648355.800000,1753368.800000
648355.500000,1753367.500000
648356.400000,1753366.200000
648358.300000,1753365.400000
648360.400000,1753361.100000
648360.300000,1753356.700000
648358.400000,1753355.300000
648356.700000,1753354.900000
648353.600000,1753355.200000
648351.600000,1753352.900000
648348.500000,1753348.200000
648346.200000,1753339.600000
648345.200000,1753333.200000
648342.600000,1753316.400000
648343.600000,1753315.100000
648343.200000,1753312.300000
648340.800000,1753308.700000
648339.900000,1753307.200000
648339.700000,1753300.400000
648340.700000,1753298.500000
648340.800000,1753295.900000
648335.200000,1753295.400000
648333.900000,1753293.700000
648332.300000,1753290.600000
648330.300000,1753288.200000
648329.600000,1753286.200000
648330.700000,1753282.100000
648332.600000,1753280.600000
648334.000000,1753280.100000
648335.100000,1753278.600000
648320.500000,1753256.300000
648315.900000,1753255.600000
648314.800000,1753257.400000
648313.500000,1753260.500000
648314.400000,1753268.000000
648314.000000,1753269.400000
648308.600000,1753268.900000
648302.100000,1753265.600000
648293.200000,1753259.700000
648289.000000,1753256.000000
648288.300000,1753254.100000
648288.400000,1753252.400000
648277.700000,1753240.400000
648276.200000,1753238.500000
648274.900000,1753237.700000
648274.100000,1753240.500000
648274.200000,1753244.600000
648272.200000,1753245.400000
648267.700000,1753243.200000
648254.400000,1753235.500000
648251.500000,1753232.600000
648251.200000,1753229.500000
648256.300000,1753227.500000
648259.700000,1753224.000000
648260.100000,1753218.600000
648255.900000,1753213.900000
648245.100000,1753209.000000
648232.900000,1753203.000000
648229.900000,1753199.000000
648194.800000,1753180.800000
648187.400000,1753180.400000
648179.400000,1753184.800000
648177.600000,1753192.200000
648180.300000,1753199.500000
648187.400000,1753204.900000
648195.000000,1753205.500000
648204.400000,1753208.000000
648211.400000,1753212.200000
648222.300000,1753219.300000
648224.200000,1753226.400000
648207.600000,1753317.100000
648204.600000,1753336.000000
648195.900000,1753337.800000
648193.300000,1753347.300000
648188.100000,1753348.300000
648185.200000,1753345.400000
648180.800000,1753345.500000
648173.600000,1753349.000000
648163.700000,1753349.600000
648144.800000,1753345.700000
648131.600000,1753341.200000
648119.200000,1753333.600000
648114.900000,1753328.400000
648110.600000,1753318.600000
648110.000000,1753315.300000
648110.600000,1753297.500000
648110.800000,1753295.900000
648113.900000,1753286.600000
648121.400000,1753280.100000
648130.600000,1753268.600000
648131.200000,1753264.800000
648128.500000,1753261.900000
648125.100000,1753260.000000
648113.800000,1753254.700000
648110.400000,1753252.400000
648107.800000,1753247.400000
648105.700000,1753233.600000
648103.600000,1753222.800000
648105.000000,1753219.500000
648105.800000,1753218.300000
648106.800000,1753214.100000
648104.000000,1753211.600000
648103.100000,1753211.000000
648104.300000,1753208.100000
648106.700000,1753202.400000
648108.700000,1753192.800000
648111.000000,1753184.100000
648113.000000,1753168.200000
648114.200000,1753164.100000
648116.900000,1753159.300000
648118.900000,1753157.300000
648119.700000,1753151.400000
648117.200000,1753149.000000
648111.700000,1753144.600000
648109.900000,1753140.300000
648105.300000,1753139.900000
648100.400000,1753137.900000
648096.500000,1753133.000000
648092.500000,1753125.700000
648089.800000,1753120.500000
648086.400000,1753115.000000
648087.400000,1753113.300000
648088.800000,1753112.000000
648089.500000,1753110.800000
648087.700000,1753107.900000
648084.200000,1753106.900000
648081.900000,1753105.600000
648082.400000,1753103.200000
648082.000000,1753098.300000
648081.700000,1753097.800000
648074.200000,1753096.000000
648064.100000,1753082.600000
648062.000000,1753077.700000
648062.000000,1753076.400000
648063.700000,1753075.200000
648063.800000,1753072.000000
648060.000000,1753068.500000
648056.000000,1753069.700000
648053.200000,1753066.900000
648052.200000,1753063.100000
648048.800000,1753055.600000
648047.700000,1753052.700000
648046.700000,1753048.300000
648033.800000,1753040.500000
648026.200000,1753036.100000
648021.100000,1753035.700000
648015.000000,1753035.600000
648006.100000,1753037.300000
647998.300000,1753034.900000
647988.100000,1753028.600000
647978.000000,1753019.800000
647973.100000,1753012.300000
647970.700000,1753007.600000
647957.500000,1752991.900000
647947.400000,1752985.100000
647943.400000,1752981.500000
647933.100000,1752979.100000
647921.400000,1752980.900000
647907.900000,1752985.800000
647906.800000,1752989.200000
647907.300000,1752994.100000
647909.100000,1753000.400000
647910.500000,1753013.000000
647909.000000,1753018.200000
647904.500000,1753040.400000
647900.500000,1753048.300000
647890.800000,1753066.600000
647880.000000,1753079.000000
647868.000000,1753087.800000
647851.600000,1753098.600000
647848.100000,1753100.200000
647844.900000,1753104.900000
647841.500000,1753107.100000
647832.900000,1753110.800000
647830.400000,1753113.700000
647823.000000,1753122.800000
647808.700000,1753138.100000
647796.200000,1753158.100000
647791.600000,1753175.800000
647792.200000,1753181.600000
647795.400000,1753184.500000
647805.800000,1753198.100000
647809.200000,1753204.700000
647816.800000,1753222.400000
647819.200000,1753232.800000
647821.200000,1753244.100000
647821.700000,1753264.500000
647821.400000,1753270.100000
647820.000000,1753288.000000
647819.000000,1753293.900000
647813.900000,1753303.900000
647809.200000,1753310.100000
647808.800000,1753315.400000
647809.400000,1753319.300000
647809.400000,1753321.000000
647807.900000,1753327.800000
647805.500000,1753331.400000
647803.600000,1753333.600000
647802.300000,1753337.700000
647805.400000,1753342.700000
647807.200000,1753344.800000
647808.700000,1753351.700000
647808.400000,1753359.000000
647805.500000,1753367.500000
647797.600000,1753383.500000
647793.500000,1753392.200000
647780.000000,1753409.000000
647768.400000,1753418.200000
647764.100000,1753425.000000
647754.700000,1753432.700000
647749.100000,1753436.900000
647736.000000,1753439.700000
647729.500000,1753441.100000
647709.500000,1753440.200000
647703.000000,1753440.000000
647690.700000,1753440.200000
647676.800000,1753437.800000
647672.300000,1753435.800000
647663.600000,1753431.400000
647655.400000,1753423.400000
647650.900000,1753415.900000
647648.200000,1753408.700000
647647.000000,1753403.000000
647641.500000,1753387.200000
647639.700000,1753383.500000
647637.200000,1753378.700000
647638.700000,1753374.900000
647639.000000,1753370.000000
647636.600000,1753360.600000
647633.500000,1753352.600000
647628.400000,1753347.500000
647614.200000,1753338.300000
647605.700000,1753335.700000
647597.700000,1753335.800000
647591.700000,1753337.700000
647577.400000,1753328.200000
647567.800000,1753317.400000
647566.800000,1753312.200000
647558.700000,1753307.000000
647548.600000,1753299.800000
647530.500000,1753286.600000
647513.000000,1753270.500000
647505.500000,1753259.500000
647499.600000,1753247.700000
647496.900000,1753240.800000
647489.000000,1753207.000000
647484.100000,1753193.400000
647483.600000,1753192.300000
647482.900000,1753183.000000
647482.900000,1753180.300000
647482.800000,1753174.900000
647483.100000,1753169.600000
647483.600000,1753166.900000
647485.800000,1753165.900000
647490.600000,1753167.200000
647493.500000,1753166.000000
647496.000000,1753164.100000
647496.700000,1753163.200000
647519.900000,1753160.600000
647520.300000,1753160.300000
647520.500000,1753159.800000
647520.100000,1753154.700000
647518.800000,1753150.600000
647516.100000,1753147.400000
647510.800000,1753144.600000
647510.400000,1753144.500000
647510.000000,1753144.100000
647509.800000,1753143.800000
647509.700000,1753143.500000
647509.500000,1753142.700000
647509.400000,1753141.600000
647512.900000,1753134.400000
647513.500000,1753133.500000
647518.300000,1753116.500000
647523.100000,1753091.400000
647526.500000,1753071.700000
647530.700000,1753051.600000
647533.800000,1753031.800000
647536.400000,1753015.800000
647541.100000,1753016.500000
647538.500000,1753006.100000
647537.800000,1753003.500000
647538.500000,1753002.400000
647542.400000,1753001.900000
647545.100000,1752997.200000
647539.200000,1752990.800000
647538.000000,1752986.700000
647536.600000,1752980.900000
647536.800000,1752978.800000
647539.300000,1752976.300000
647542.800000,1752974.700000
647542.900000,1752972.400000
647538.200000,1752970.500000
647535.100000,1752969.600000
647526.900000,1752959.100000
647524.300000,1752957.900000
647521.400000,1752953.600000
647517.200000,1752949.500000
647499.100000,1752928.900000
647495.200000,1752920.200000
647493.900000,1752918.400000
647486.100000,1752910.400000
647477.300000,1752900.700000
647475.400000,1752898.000000
647475.700000,1752893.900000
647471.100000,1752889.000000
647457.900000,1752875.000000
647454.400000,1752867.100000
647447.700000,1752858.000000
647444.600000,1752852.000000
647437.500000,1752827.300000
647433.700000,1752819.100000
647431.600000,1752814.600000
647424.900000,1752802.300000
647420.100000,1752798.400000
647420.100000,1752796.200000
647420.100000,1752790.700000
647417.200000,1752777.300000
647415.600000,1752770.700000
647410.600000,1752762.600000
647399.500000,1752752.600000
647381.500000,1752743.800000
647375.100000,1752736.200000
647362.800000,1752726.000000
647348.900000,1752716.000000
647328.300000,1752701.900000
647308.500000,1752692.000000
647288.300000,1752680.400000
647272.900000,1752669.000000
647251.300000,1752656.400000
647243.000000,1752650.800000
647222.700000,1752638.500000
647217.800000,1752633.300000
647204.400000,1752626.200000
647194.000000,1752622.400000
647188.600000,1752617.700000
647184.500000,1752610.900000
647182.800000,1752606.800000
647182.900000,1752605.300000
647183.200000,1752602.900000
647176.000000,1752596.200000
647167.300000,1752587.900000
647153.900000,1752573.200000
647144.700000,1752562.700000
647141.800000,1752559.300000
647138.400000,1752554.600000
647126.600000,1752533.500000
647118.700000,1752515.100000
647111.900000,1752496.100000
647106.800000,1752480.200000
647106.100000,1752474.100000
647106.200000,1752471.500000
647106.200000,1752467.300000
647105.900000,1752456.900000
647103.100000,1752446.400000
647096.700000,1752423.500000
647094.200000,1752415.600000
647093.900000,1752411.900000
647095.100000,1752403.500000
647094.900000,1752395.200000
647093.400000,1752386.100000
647092.000000,1752380.600000
647092.400000,1752374.600000
647092.500000,1752368.000000
647091.400000,1752362.000000
647090.600000,1752358.100000
647086.600000,1752351.500000
647084.600000,1752349.400000
647088.200000,1752347.000000
647088.600000,1752346.500000
647087.400000,1752344.200000
647080.500000,1752344.500000
647080.500000,1752342.300000
647081.800000,1752337.100000
647082.300000,1752332.000000
647079.200000,1752328.500000
647075.000000,1752323.700000
647073.700000,1752321.400000
647068.400000,1752304.700000
647066.100000,1752297.900000
647060.000000,1752286.000000
647054.200000,1752277.600000
647051.200000,1752269.200000
647045.800000,1752260.200000
647040.600000,1752252.500000
647038.900000,1752248.000000
647028.100000,1752228.100000
647012.900000,1752203.500000
646993.500000,1752181.900000
646989.000000,1752175.800000
646987.900000,1752171.200000
646984.700000,1752163.000000
646979.600000,1752159.300000
646972.600000,1752154.200000
646952.500000,1752133.100000
646947.000000,1752124.400000
646943.100000,1752118.200000
646938.400000,1752109.800000
646935.600000,1752102.700000
646933.800000,1752094.300000
646929.200000,1752086.100000
646916.600000,1752068.300000
646913.600000,1752064.900000
646911.400000,1752058.500000
646911.100000,1752055.200000
646906.900000,1752052.100000
646905.200000,1752050.500000
646898.700000,1752039.200000
646894.000000,1752030.100000
646893.200000,1752027.600000
646893.600000,1752023.100000
646894.300000,1752020.000000
646892.100000,1752015.000000
646885.300000,1752002.200000
646882.000000,1751994.900000
646881.500000,1751991.500000
646881.900000,1751985.200000
646883.100000,1751982.700000
646884.100000,1751979.200000
646880.000000,1751974.600000
646876.600000,1751970.600000
646869.000000,1751966.600000
646865.800000,1751961.400000
646862.900000,1751960.500000
646858.400000,1751956.600000
646856.900000,1751954.200000
646843.700000,1751945.300000
646840.000000,1751941.700000
646831.500000,1751935.900000
646827.200000,1751933.000000
646823.300000,1751930.400000
646819.600000,1751930.700000
646814.200000,1751926.100000
646812.300000,1751924.600000
646810.000000,1751921.400000
646807.800000,1751919.600000
646804.300000,1751918.300000
646794.600000,1751916.100000
646787.300000,1751912.900000
646775.500000,1751911.600000
646770.700000,1751911.300000
646766.800000,1751907.800000
646768.100000,1751904.300000
646770.500000,1751900.800000
646777.800000,1751890.800000
646779.600000,1751882.900000
646777.500000,1751872.300000
646774.900000,1751869.900000
646771.500000,1751866.600000
646768.400000,1751866.900000
646764.400000,1751864.400000
646763.900000,1751863.700000
646759.300000,1751864.700000
646756.500000,1751869.000000
646754.600000,1751873.400000
646754.400000,1751879.400000
646756.700000,1751882.600000
646757.800000,1751887.100000
646756.500000,1751891.000000
646753.100000,1751891.400000
646750.100000,1751886.400000
646747.800000,1751884.300000
646747.100000,1751882.600000
646748.900000,1751877.000000
646749.400000,1751875.600000
646749.200000,1751863.200000
646748.400000,1751859.300000
646746.000000,1751856.000000
646742.200000,1751855.100000
646739.000000,1751854.000000
646735.100000,1751856.200000
646733.600000,1751859.300000
646733.800000,1751862.800000
646732.800000,1751866.300000
646731.100000,1751866.100000
646725.200000,1751874.900000
646723.500000,1751877.200000
646723.500000,1751882.500000
646722.500000,1751884.800000
646718.700000,1751891.200000
646716.000000,1751894.200000
646701.800000,1751896.400000
646691.500000,1751897.800000
646677.700000,1751896.700000
646667.500000,1751896.300000
646661.900000,1751896.200000
646645.200000,1751896.600000
646642.400000,1751895.700000
646639.400000,1751892.700000
646639.700000,1751889.700000
646640.300000,1751884.800000
646640.700000,1751881.000000
646640.700000,1751879.000000
646638.400000,1751877.700000
646635.400000,1751878.900000
646629.500000,1751882.200000
646628.000000,1751884.400000
646625.800000,1751886.700000
646624.100000,1751886.500000
646622.400000,1751883.900000
646618.800000,1751887.100000
646617.700000,1751889.500000
646612.200000,1751891.000000
646600.000000,1751888.300000
646593.500000,1751885.100000
646561.500000,1751872.500000
646554.600000,1751870.200000
646552.400000,1751871.100000
646550.600000,1751873.300000
646547.500000,1751874.500000
646545.100000,1751871.700000
646545.300000,1751866.500000
646545.100000,1751863.100000
646543.500000,1751860.300000
646542.800000,1751854.600000
646540.900000,1751849.800000
646536.400000,1751848.500000
646527.400000,1751853.100000
646524.400000,1751854.600000
646518.400000,1751864.600000
646514.900000,1751863.200000
646512.800000,1751861.300000
646500.800000,1751855.000000
646499.100000,1751853.700000
646488.900000,1751852.300000
646481.600000,1751849.600000
646474.900000,1751844.200000
646466.100000,1751839.200000
646450.900000,1751832.300000
646447.200000,1751830.500000
646446.700000,1751822.600000
646452.700000,1751813.800000
646454.300000,1751808.900000
646455.300000,1751805.000000
646459.300000,1751801.200000
646459.700000,1751798.300000
646459.700000,1751790.400000
646459.400000,1751787.600000
646456.400000,1751787.500000
646452.600000,1751791.100000
646449.600000,1751794.600000
646441.900000,1751804.200000
646439.900000,1751810.400000
646438.000000,1751813.300000
646431.900000,1751811.000000
646410.600000,1751802.100000
646406.800000,1751798.900000
646405.300000,1751793.900000
646405.900000,1751787.400000
646415.800000,1751770.900000
646416.800000,1751769.000000
646415.300000,1751760.700000
646414.500000,1751760.300000
646411.600000,1751764.500000
646408.700000,1751769.200000
646407.100000,1751769.200000
646406.000000,1751765.900000
646406.100000,1751760.700000
646400.900000,1751761.400000
646399.300000,1751761.300000
646397.300000,1751759.800000
646394.900000,1751756.900000
646390.000000,1751762.100000
646386.500000,1751762.800000
646381.500000,1751762.400000
646377.600000,1751767.000000
646376.400000,1751767.900000
646372.200000,1751767.000000
646367.100000,1751769.900000
646364.700000,1751770.100000
646359.700000,1751767.300000
646351.900000,1751759.400000
646349.700000,1751755.200000
646343.900000,1751749.900000
646340.800000,1751750.800000
646336.800000,1751750.400000
646336.200000,1751744.600000
646335.600000,1751742.100000
646330.300000,1751740.300000
646327.600000,1751739.700000
646325.700000,1751737.300000
646324.800000,1751734.600000
646323.800000,1751726.800000
646324.000000,1751721.400000
646324.200000,1751711.200000
646325.100000,1751700.200000
646326.800000,1751690.200000
646326.400000,1751686.300000
646320.500000,1751680.400000
646316.800000,1751672.100000
646309.800000,1751670.500000
646306.700000,1751673.200000
646304.500000,1751675.600000
646302.600000,1751687.200000
646300.600000,1751690.400000
646296.000000,1751692.300000
646287.700000,1751694.000000
646281.200000,1751696.500000
646279.200000,1751696.000000
646278.500000,1751694.200000
646274.300000,1751690.600000
646268.600000,1751691.800000
646267.400000,1751694.400000
646267.500000,1751699.300000
646268.900000,1751705.700000
646270.000000,1751707.000000
646270.200000,1751711.000000
646266.900000,1751720.900000
646264.800000,1751724.400000
646261.900000,1751731.000000
646261.500000,1751734.100000
646258.200000,1751735.800000
646252.800000,1751735.900000
646250.700000,1751735.800000
646248.000000,1751735.800000
646241.300000,1751736.300000
646237.700000,1751738.200000
646221.700000,1751747.000000
646204.900000,1751758.900000
646190.800000,1751769.800000
646180.600000,1751780.300000
646172.600000,1751790.800000
646163.500000,1751797.800000
646149.600000,1751806.700000
646144.900000,1751810.600000
646140.600000,1751815.800000
646130.200000,1751825.000000
646113.100000,1751833.700000
646105.900000,1751838.100000
646101.700000,1751839.700000
646096.600000,1751841.800000
646090.300000,1751844.600000
646075.600000,1751851.900000
646065.500000,1751857.800000
646051.300000,1751860.700000
646024.200000,1751866.500000
646014.900000,1751867.700000
646013.500000,1751865.800000
646013.500000,1751860.300000
646012.100000,1751856.100000
646010.400000,1751851.700000
646007.800000,1751851.000000
646005.000000,1751856.100000
646006.600000,1751861.100000
646008.200000,1751862.800000
646007.800000,1751864.400000
646004.000000,1751866.300000
645991.300000,1751865.200000
645987.000000,1751865.900000
645986.000000,1751868.200000
645981.700000,1751864.700000
645980.600000,1751862.700000
645980.400000,1751856.100000
645980.200000,1751850.100000
645977.700000,1751847.400000
645974.600000,1751849.600000
645972.100000,1751849.000000
645970.300000,1751846.600000
645970.700000,1751842.000000
645971.300000,1751836.800000
645969.400000,1751832.200000
645965.900000,1751832.200000
645964.600000,1751833.100000
645962.000000,1751847.000000
645963.800000,1751851.700000
645966.000000,1751852.800000
645968.400000,1751854.300000
645970.300000,1751855.100000
645970.700000,1751860.500000
645967.600000,1751863.700000
645964.500000,1751866.600000
645943.800000,1751880.400000
645932.500000,1751887.800000
645927.000000,1751885.300000
645924.000000,1751882.400000
645921.400000,1751876.900000
645918.800000,1751877.800000
645916.900000,1751880.600000
645917.000000,1751884.700000
645916.800000,1751889.600000
645914.500000,1751898.500000
645909.700000,1751902.900000
645900.300000,1751910.400000
645884.500000,1751918.600000
645861.300000,1751928.100000
645836.300000,1751937.500000
645824.100000,1751940.100000
645818.400000,1751943.100000
645802.000000,1751951.200000
645796.400000,1751952.200000
645793.600000,1751951.900000
645790.300000,1751955.100000
645788.200000,1751959.700000
645785.900000,1751959.900000
645784.500000,1751959.700000
645780.600000,1751960.700000
645782.400000,1751965.300000
645781.600000,1751967.400000
645778.400000,1751971.600000
645778.500000,1751976.100000
645775.300000,1751976.700000
645774.300000,1751976.000000
645772.300000,1751979.400000
645768.300000,1751981.900000
645764.000000,1751981.800000
645759.600000,1751984.500000
645749.700000,1751994.200000
645746.600000,1751995.700000
645733.300000,1752003.900000
645724.900000,1752007.000000
645719.000000,1752010.200000
645716.900000,1752018.700000
645711.200000,1752022.900000
645702.100000,1752026.200000
645696.600000,1752028.600000
645693.800000,1752027.200000
645690.200000,1752026.000000
645686.200000,1752026.600000
645679.300000,1752032.400000
645678.000000,1752035.700000
645678.900000,1752038.500000
645679.300000,1752041.600000
645682.100000,1752043.700000
645685.100000,1752043.700000
645686.000000,1752047.600000
645682.600000,1752053.900000
645680.200000,1752056.000000
645676.800000,1752056.100000
645675.400000,1752052.000000
645673.700000,1752048.300000
645668.200000,1752046.300000
645661.000000,1752047.600000
645647.700000,1752053.800000
645630.000000,1752061.700000
645619.800000,1752065.100000
645602.900000,1752071.100000
645587.400000,1752078.100000
645572.100000,1752081.200000
645565.800000,1752082.900000
645547.400000,1752093.500000
645538.000000,1752100.700000
645530.100000,1752100.100000
645523.900000,1752101.100000
645509.600000,1752107.600000
645504.000000,1752110.000000
645501.400000,1752114.600000
645495.900000,1752114.000000
645495.500000,1752110.600000
645496.200000,1752109.900000
645497.800000,1752107.100000
645490.900000,1752108.700000
645489.000000,1752111.600000
645488.900000,1752114.800000
645489.600000,1752116.700000
645491.400000,1752117.800000
645491.600000,1752121.200000
645485.800000,1752124.700000
645476.900000,1752127.500000
645470.600000,1752127.100000
645465.400000,1752126.000000
645459.500000,1752127.000000
645455.100000,1752132.200000
645451.100000,1752138.200000
645446.400000,1752143.100000
645441.200000,1752147.000000
645439.000000,1752146.500000
645435.700000,1752147.200000
645425.800000,1752156.100000
645416.800000,1752161.500000
645415.900000,1752161.700000
645401.100000,1752169.900000
645395.600000,1752170.400000
645393.000000,1752169.100000
645385.200000,1752167.800000
645380.400000,1752170.500000
645373.900000,1752175.200000
645370.400000,1752175.100000
645365.500000,1752176.700000
645363.300000,1752178.300000
645360.800000,1752181.500000
645356.800000,1752181.400000
645351.500000,1752181.300000
645348.400000,1752184.100000
645341.200000,1752190.800000
645333.300000,1752197.700000
645331.100000,1752195.300000
645327.400000,1752194.000000
645326.000000,1752195.900000
645326.000000,1752198.400000
645327.500000,1752201.100000
645325.500000,1752204.200000
645322.900000,1752206.300000
645318.200000,1752206.100000
645308.700000,1752207.000000
645296.600000,1752210.000000
645289.800000,1752212.000000
645283.800000,1752213.300000
645279.900000,1752214.900000
645273.400000,1752219.400000
645270.800000,1752220.000000
645267.000000,1752219.500000
645264.800000,1752220.900000
645266.400000,1752224.900000
645266.400000,1752226.300000
645263.300000,1752229.600000
645261.300000,1752234.200000
645259.900000,1752236.900000
645255.800000,1752238.000000
645254.600000,1752240.200000
645253.000000,1752245.800000
645249.600000,1752251.600000
645247.500000,1752253.200000
645238.200000,1752261.000000
645218.300000,1752271.400000
645205.300000,1752277.900000
645194.800000,1752284.700000
645189.900000,1752288.900000
645188.400000,1752291.300000
645184.700000,1752293.000000
645182.600000,1752292.700000
645181.200000,1752286.300000
645181.100000,1752284.800000
645179.800000,1752283.600000
645177.400000,1752283.800000
645173.600000,1752288.800000
645172.000000,1752291.300000
645173.700000,1752295.900000
645175.200000,1752297.900000
645174.000000,1752301.600000
645169.200000,1752304.500000
645155.100000,1752310.800000
645138.300000,1752319.700000
645122.300000,1752329.000000
645106.500000,1752336.200000
645090.700000,1752340.300000
645081.300000,1752343.800000
645065.000000,1752354.400000
645049.500000,1752360.900000
645029.700000,1752369.700000
645015.200000,1752377.800000
645004.800000,1752382.300000
644994.600000,1752386.000000
644983.500000,1752393.300000
644971.000000,1752400.000000
644959.000000,1752404.400000
644957.000000,1752403.300000
644958.100000,1752400.200000
644956.300000,1752396.700000
644953.600000,1752395.400000
644951.500000,1752396.100000
644951.400000,1752398.200000
644951.700000,1752400.600000
644949.000000,1752404.000000
644945.200000,1752407.800000
644940.200000,1752408.900000
644930.900000,1752413.300000
644923.100000,1752414.500000
644919.100000,1752415.100000
644912.800000,1752418.600000
644912.400000,1752418.600000
644909.800000,1752418.000000
644910.500000,1752415.500000
644911.100000,1752412.900000
644906.900000,1752410.100000
644898.800000,1752407.700000
644894.700000,1752408.600000
644892.700000,1752409.900000
644893.300000,1752411.600000
644894.500000,1752413.000000
644896.800000,1752414.000000
644894.000000,1752420.800000
644892.700000,1752423.800000
644887.800000,1752429.100000
644875.800000,1752434.600000
644860.900000,1752438.200000
644855.300000,1752437.500000
644851.400000,1752435.300000
644850.300000,1752430.700000
644849.100000,1752428.600000
644846.400000,1752430.100000
644833.900000,1752431.900000
644829.400000,1752434.600000
644826.900000,1752437.600000
644825.300000,1752442.000000
644825.100000,1752445.500000
644823.900000,1752449.600000
644821.000000,1752451.000000
644811.900000,1752451.100000
644803.200000,1752451.400000
644799.100000,1752452.800000
644788.500000,1752458.100000
644783.000000,1752460.100000
644780.000000,1752461.400000
644778.200000,1752463.900000
644773.900000,1752467.300000
644764.300000,1752468.400000
644753.500000,1752471.500000
644746.900000,1752474.800000
644733.800000,1752480.500000
644728.800000,1752483.700000
644716.800000,1752489.100000
644712.000000,1752490.500000
644709.400000,1752492.200000
644698.200000,1752502.600000
644695.500000,1752506.400000
644691.400000,1752507.600000
644681.400000,1752509.700000
644675.900000,1752513.400000
644668.800000,1752517.700000
644660.600000,1752515.900000
644655.100000,1752509.100000
644648.900000,1752503.900000
644644.700000,1752491.800000
644643.300000,1752489.100000
644641.000000,1752487.200000
644640.100000,1752489.800000
644638.900000,1752494.000000
644633.800000,1752498.600000
644628.100000,1752499.900000
644627.000000,1752500.200000
644615.400000,1752506.500000
644606.700000,1752511.100000
644594.700000,1752510.000000
644587.500000,1752509.700000
644574.800000,1752506.200000
644559.800000,1752500.200000
644552.600000,1752498.100000
644550.400000,1752497.900000
644543.100000,1752498.500000
644538.800000,1752500.600000
644536.000000,1752504.600000
644530.300000,1752510.500000
644526.500000,1752512.100000
644515.900000,1752512.900000
644510.200000,1752512.600000
644508.700000,1752516.000000
644509.700000,1752518.200000
644514.500000,1752519.400000
644516.600000,1752519.900000
644519.000000,1752521.600000
644515.800000,1752526.600000
644508.600000,1752534.700000
644499.000000,1752544.200000
644493.100000,1752546.200000
644488.800000,1752545.500000
644483.800000,1752549.400000
644482.600000,1752554.600000
644480.700000,1752557.300000
644474.000000,1752558.100000
644468.600000,1752557.000000
644461.500000,1752551.500000
644460.300000,1752550.900000
644454.900000,1752554.400000
644456.800000,1752559.700000
644462.100000,1752564.600000
644464.400000,1752565.800000
644467.300000,1752565.000000
644469.800000,1752562.800000
644473.400000,1752561.900000
644478.000000,1752561.600000
644480.000000,1752562.700000
644483.900000,1752569.100000
644486.400000,1752588.800000
644482.900000,1752595.000000
644478.100000,1752597.800000
644479.500000,1752605.900000
644484.200000,1752607.500000
644483.200000,1752613.600000
644483.200000,1752615.800000
644483.500000,1752620.000000
644485.700000,1752624.200000
644490.000000,1752628.200000
644493.400000,1752629.000000
644498.400000,1752629.800000
644500.800000,1752631.800000
644505.400000,1752638.500000
644516.900000,1752660.800000
644522.000000,1752672.300000
644525.500000,1752679.100000
644529.100000,1752681.000000
644532.900000,1752692.800000
644531.100000,1752693.800000
644526.000000,1752694.100000
644525.000000,1752695.800000
644528.000000,1752699.600000
644529.900000,1752703.500000
644529.400000,1752705.300000
644531.000000,1752705.900000
644533.900000,1752705.900000
644535.900000,1752705.400000
644538.200000,1752709.600000
644537.900000,1752713.200000
644538.700000,1752717.400000
644538.800000,1752719.600000
644542.500000,1752718.900000
644544.200000,1752720.700000
644545.200000,1752722.400000
644548.100000,1752727.500000
644546.800000,1752729.500000
644548.200000,1752732.700000
644550.900000,1752733.300000
644553.300000,1752732.000000
644555.900000,1752736.100000
644557.600000,1752741.200000
644558.100000,1752744.900000
644557.900000,1752747.100000
644561.300000,1752747.900000
644562.400000,1752753.000000
644564.400000,1752755.200000
644568.100000,1752754.400000
644566.400000,1752749.900000
644565.600000,1752749.100000
644568.700000,1752747.900000
644570.900000,1752748.100000
644573.700000,1752747.100000
644575.800000,1752746.500000
644578.700000,1752748.900000
644581.600000,1752749.700000
644585.500000,1752749.400000
644588.100000,1752749.300000
644591.000000,1752751.000000
644615.300000,1752771.400000
644615.400000,1752775.000000
644614.600000,1752776.900000
644619.400000,1752778.200000
644620.600000,1752777.600000
644623.400000,1752779.000000
644626.900000,1752779.300000
644630.000000,1752777.400000
644634.100000,1752776.600000
644645.300000,1752780.400000
644665.200000,1752794.800000
644672.600000,1752797.500000
644674.300000,1752797.400000
644677.200000,1752797.500000
644687.300000,1752802.800000
644696.300000,1752813.000000
644705.500000,1752826.700000
644722.700000,1752868.000000
644726.600000,1752875.900000
644729.700000,1752884.100000
644729.500000,1752889.000000
644726.000000,1752900.600000
644728.700000,1752906.900000
644718.700000,1752908.800000
644714.300000,1752907.600000
644711.800000,1752907.800000
644713.100000,1752910.600000
644712.700000,1752911.600000
644706.900000,1752915.100000
644701.200000,1752916.000000
644694.200000,1752915.200000
644689.300000,1752910.800000
644688.100000,1752905.600000
644688.400000,1752899.700000
644687.800000,1752895.300000
644685.100000,1752893.000000
644682.700000,1752893.700000
644679.500000,1752896.500000
644675.700000,1752897.100000
644673.800000,1752897.200000
644670.300000,1752899.600000
644670.100000,1752903.600000
644671.100000,1752905.800000
644692.600000,1752954.000000
644696.100000,1752955.100000
644698.800000,1752957.800000
644698.400000,1752961.200000
644696.900000,1752965.200000
644690.700000,1752965.800000
644687.000000,1752965.000000
644685.200000,1752968.500000
644685.300000,1752971.900000
644682.000000,1752976.300000
644677.400000,1752985.600000
644675.400000,1752988.600000
644675.800000,1752996.800000
644675.700000,1752998.400000
644675.300000,1753008.600000
644674.300000,1753015.700000
644668.700000,1753034.200000
644669.000000,1753040.300000
644665.900000,1753048.500000
644666.000000,1753065.500000
644667.900000,1753069.400000
644672.700000,1753076.200000
644677.000000,1753079.900000
644684.000000,1753082.100000
644689.400000,1753088.400000
644689.300000,1753090.700000
644684.600000,1753095.900000
644687.300000,1753103.200000
644692.900000,1753109.100000
644696.900000,1753116.800000
644700.100000,1753123.500000
644704.000000,1753126.400000
644717.100000,1753133.300000
644726.400000,1753137.300000
644735.700000,1753141.600000
644745.100000,1753142.300000
644775.300000,1753147.600000
644798.700000,1753154.600000
644808.000000,1753157.500000
644811.100000,1753159.200000
644809.500000,1753162.500000
644807.800000,1753164.400000
644806.000000,1753172.100000
644807.700000,1753177.000000
644808.700000,1753185.300000
644808.800000,1753189.800000
644810.000000,1753193.900000
644808.900000,1753197.600000
644805.700000,1753202.300000
644803.800000,1753203.600000
644799.700000,1753201.300000
644793.800000,1753201.800000
644790.800000,1753206.600000
644790.700000,1753208.800000
644797.900000,1753212.500000
644799.600000,1753212.600000
644801.300000,1753212.400000
644801.500000,1753208.200000
644802.500000,1753207.100000
644803.700000,1753207.000000
644810.900000,1753209.400000
644815.800000,1753211.300000
644816.700000,1753208.700000
644817.600000,1753207.500000
644822.200000,1753207.100000
644826.100000,1753204.800000
644830.800000,1753206.900000
644836.400000,1753208.600000
644838.500000,1753206.800000
644840.700000,1753205.300000
644848.200000,1753205.900000
644858.100000,1753210.100000
644865.400000,1753217.900000
644873.500000,1753230.500000
644877.200000,1753244.000000
644878.700000,1753261.500000
644873.400000,1753263.200000
644875.200000,1753270.300000
644877.900000,1753268.400000
644879.900000,1753272.100000
644880.600000,1753273.600000
644883.700000,1753290.300000
644883.600000,1753297.700000
644884.700000,1753301.000000
644886.900000,1753305.900000
644886.900000,1753307.900000
644872.100000,1753324.500000
644862.300000,1753337.600000
644862.300000,1753349.100000
644862.300000,1753366.900000
644864.000000,1753400.400000
644870.000000,1753450.900000
644878.600000,1753508.700000
644885.600000,1753558.700000
644886.100000,1753588.100000
644884.400000,1753621.200000
644885.400000,1753630.200000
644887.200000,1753651.600000
644889.600000,1753674.900000
644889.400000,1753683.300000
644889.500000,1753688.100000
644891.100000,1753703.900000
644896.400000,1753724.100000
644905.600000,1753758.900000
644908.700000,1753778.500000
644914.200000,1753808.500000
644919.200000,1753829.800000
644920.900000,1753847.200000
644921.100000,1753865.600000
644915.500000,1753888.300000
644914.000000,1753891.700000
644910.800000,1753892.400000
644907.700000,1753895.000000
644905.700000,1753905.600000
644904.500000,1753927.500000
644899.500000,1753938.300000
644897.100000,1753945.100000
644897.900000,1753949.400000
644905.200000,1753964.800000
644907.400000,1753969.600000
644910.400000,1753979.500000
644911.100000,1753987.600000
644907.900000,1754002.300000
644901.300000,1754015.900000
644898.300000,1754019.700000
644894.800000,1754020.300000
644885.200000,1754020.000000
644883.600000,1754019.300000
644879.500000,1754021.000000
644873.800000,1754018.800000
644870.700000,1754016.500000
644868.200000,1754019.700000
644868.800000,1754022.600000
644874.300000,1754023.100000
644874.500000,1754026.800000
644872.200000,1754031.100000
644872.600000,1754038.600000
644874.900000,1754042.700000
644880.100000,1754045.700000
644888.300000,1754056.700000
644894.100000,1754063.400000
644904.000000,1754070.600000
644911.800000,1754071.600000
644917.500000,1754071.600000
644924.100000,1754070.600000
644945.700000,1754062.800000
644947.600000,1754058.400000
644945.900000,1754052.200000
644946.200000,1754050.300000
644949.800000,1754047.900000
644953.500000,1754047.100000
644954.300000,1754052.400000
644955.800000,1754056.100000
644961.100000,1754057.100000
644964.700000,1754060.100000
644967.900000,1754060.700000
644974.500000,1754058.300000
644976.000000,1754052.900000
644976.100000,1754042.600000
644973.100000,1754037.800000
644973.000000,1754036.900000
644975.800000,1754028.200000
644980.400000,1754025.800000
644983.200000,1754025.200000
644985.700000,1754024.000000
644993.100000,1754014.600000
645002.400000,1754007.900000
645018.200000,1753994.100000
645035.800000,1753980.400000
645048.900000,1753972.000000
645063.800000,1753964.000000
645080.700000,1753954.800000
645095.300000,1753947.300000
645110.800000,1753944.900000
645126.000000,1753944.800000
645128.200000,1753944.700000
645141.500000,1753947.400000
645159.400000,1753951.000000
645175.400000,1753960.900000
645185.100000,1753964.000000
645186.600000,1753963.200000
645188.700000,1753961.300000
645194.100000,1753961.800000
645203.500000,1753966.000000
645208.300000,1753968.200000
645226.800000,1753982.100000
645240.300000,1753994.000000
645264.300000,1754014.400000
645266.300000,1754018.100000
645265.100000,1754021.000000
645266.500000,1754024.100000
645274.500000,1754035.400000
645289.900000,1754058.500000
645296.300000,1754065.000000
645311.500000,1754077.500000
645311.300000,1754084.300000
645311.100000,1754093.400000
645312.400000,1754095.100000
645314.300000,1754094.900000
645315.600000,1754094.000000
645316.200000,1754088.800000
645315.800000,1754083.100000
645316.500000,1754081.600000
645317.000000,1754081.200000
645320.000000,1754080.600000
645322.500000,1754081.200000
645327.300000,1754083.300000
645329.300000,1754085.600000
645331.300000,1754087.300000
645338.600000,1754087.800000
645343.800000,1754088.600000
645350.300000,1754091.000000
645354.200000,1754093.500000
645356.400000,1754097.800000
645360.000000,1754100.900000
645377.700000,1754111.000000
645385.900000,1754115.700000
645393.500000,1754118.000000
645400.500000,1754118.800000
645417.000000,1754122.700000
645435.400000,1754132.100000
645453.900000,1754141.500000
645470.700000,1754150.900000
645495.100000,1754168.200000
645522.300000,1754190.400000
645553.700000,1754209.900000
645566.700000,1754221.800000
645581.600000,1754237.100000
645601.800000,1754260.700000
645627.200000,1754289.200000
645661.400000,1754331.000000
645683.900000,1754359.100000
645708.100000,1754393.300000
645734.300000,1754437.400000
645759.600000,1754484.700000
645785.900000,1754534.500000
645802.200000,1754566.400000
645818.500000,1754600.000000
645824.800000,1754616.000000
645823.600000,1754619.700000
645823.400000,1754624.300000
645826.200000,1754626.200000
645829.900000,1754626.300000
645833.400000,1754626.600000
645843.200000,1754632.200000
645852.100000,1754643.000000
645859.500000,1754657.000000
645858.800000,1754659.600000
645858.200000,1754663.800000
645859.700000,1754668.500000
645861.600000,1754667.400000
645863.000000,1754666.900000
645864.700000,1754670.800000
645865.800000,1754675.700000
645866.700000,1754685.800000
645869.400000,1754697.400000
645871.400000,1754701.900000
645874.500000,1754704.600000
645870.700000,1754709.200000
645867.900000,1754711.300000
645868.100000,1754713.900000
645871.100000,1754714.900000
645875.000000,1754714.700000
645877.700000,1754716.000000
645883.600000,1754719.400000
645886.000000,1754722.300000
645885.400000,1754726.100000
645884.000000,1754729.500000
645883.700000,1754733.500000
645887.900000,1754736.600000
645892.000000,1754745.000000
645892.700000,1754751.600000
645897.300000,1754770.400000
645901.200000,1754780.500000
645919.200000,1754820.400000
645927.900000,1754851.900000
645935.600000,1754871.900000
645939.100000,1754879.100000
645940.100000,1754885.600000
645944.900000,1754912.800000
645948.300000,1754921.100000
645950.500000,1754924.800000
645954.100000,1754937.500000
645955.900000,1754946.700000
645960.400000,1754971.300000
645961.300000,1754978.600000
645965.200000,1754993.000000
645967.900000,1755000.400000
645970.600000,1755007.800000
645974.200000,1755023.500000
645976.500000,1755048.900000
645978.200000,1755055.700000
645980.500000,1755074.100000
645983.000000,1755079.900000
645985.600000,1755084.300000
645988.300000,1755084.000000
645990.500000,1755085.700000
645992.600000,1755093.300000
645993.500000,1755096.500000
645996.100000,1755099.500000
646001.100000,1755102.600000
646003.200000,1755105.000000
646004.900000,1755112.700000
646005.500000,1755119.500000
646005.000000,1755125.600000
646009.100000,1755126.600000
646013.000000,1755127.000000
646017.200000,1755129.600000
646029.400000,1755137.600000
646044.400000,1755146.000000
646049.000000,1755147.500000
646052.700000,1755149.200000
646057.300000,1755156.900000
646058.000000,1755158.100000
646061.200000,1755158.400000
646064.600000,1755153.300000
646067.100000,1755152.900000
646074.000000,1755158.000000
646079.500000,1755158.600000
646084.600000,1755164.000000
646081.300000,1755165.600000
646082.600000,1755167.300000
646089.600000,1755167.100000
646091.500000,1755166.000000
646093.700000,1755164.800000
646098.600000,1755165.200000
646103.100000,1755165.500000
646107.800000,1755164.100000
646114.600000,1755156.200000
646121.300000,1755150.100000
646122.600000,1755148.500000
646122.800000,1755146.400000
646120.600000,1755145.000000
646119.500000,1755143.600000
646118.800000,1755140.500000
646120.400000,1755133.000000
646121.700000,1755129.900000
646124.200000,1755117.200000
646128.600000,1755105.800000
646128.300000,1755101.200000
646128.800000,1755098.100000
646130.700000,1755088.000000
646133.900000,1755070.300000
646138.000000,1755044.800000
646136.900000,1755043.300000
646135.300000,1755042.300000
646134.500000,1755040.300000
646138.600000,1755025.400000
646143.000000,1755009.000000
646146.600000,1754981.500000
646147.900000,1754955.400000
646148.400000,1754933.100000
646146.700000,1754908.100000
646144.300000,1754885.300000
646141.400000,1754862.400000
646141.000000,1754839.600000
646144.100000,1754825.900000
646149.500000,1754816.000000
646159.500000,1754808.700000
646172.300000,1754798.500000
646186.300000,1754792.100000
646201.600000,1754788.400000
646216.700000,1754789.400000
646231.500000,1754793.300000
646243.500000,1754797.400000
646252.500000,1754797.300000
646255.000000,1754797.300000
646258.300000,1754796.600000
646262.000000,1754795.500000
646295.100000,1754798.400000
646301.000000,1754800.600000
646302.500000,1754803.700000
646310.900000,1754806.400000
646315.500000,1754807.300000
646318.700000,1754809.200000
646322.700000,1754807.500000
646324.400000,1754805.400000
646327.300000,1754802.700000
646329.600000,1754802.800000
646335.400000,1754804.600000
646340.000000,1754805.700000
646342.400000,1754805.600000
646344.400000,1754804.900000
646351.600000,1754801.500000
646356.300000,1754801.200000
646361.400000,1754800.600000
646372.700000,1754800.500000
646387.600000,1754801.400000
646411.200000,1754805.400000
646427.800000,1754810.700000
646437.200000,1754812.500000
646443.500000,1754812.400000
646468.900000,1754815.300000
646474.400000,1754816.800000
646480.200000,1754818.100000
646481.800000,1754816.700000
646490.400000,1754816.700000
646501.100000,1754817.200000
646505.400000,1754817.700000
646507.300000,1754816.000000
646509.100000,1754813.200000
646509.600000,1754812.600000
646514.500000,1754797.500000
646516.600000,1754793.500000
646524.800000,1754784.300000
646537.200000,1754775.000000
646551.300000,1754768.600000
646572.900000,1754762.800000
646588.600000,1754757.700000
646594.800000,1754756.300000
646597.300000,1754756.300000
646600.200000,1754757.500000
646604.100000,1754754.900000
646605.300000,1754753.000000
646607.900000,1754751.300000
646609.900000,1754750.900000
646612.400000,1754751.100000
646614.700000,1754750.700000
646616.800000,1754749.300000
646634.000000,1754742.300000
646650.800000,1754738.000000
646656.600000,1754735.800000
646662.500000,1754733.600000
646676.300000,1754726.800000
646677.500000,1754723.300000
646683.500000,1754718.600000
646696.500000,1754712.700000
646703.700000,1754707.700000
646711.900000,1754704.800000
646717.300000,1754705.000000
646725.000000,1754699.500000
646725.500000,1754697.400000
646729.200000,1754696.600000
646747.800000,1754692.200000
646752.200000,1754692.300000
646758.900000,1754691.100000
646762.900000,1754690.400000
646800.000000,1754687.600000
646811.100000,1754688.600000
646815.800000,1754689.000000
646822.800000,1754691.700000
646827.200000,1754694.400000
646830.100000,1754696.600000
646832.200000,1754695.700000
646836.100000,1754694.200000
646841.500000,1754693.600000
646857.300000,1754691.200000
646890.200000,1754688.300000
646912.300000,1754686.800000
646941.500000,1754686.600000
646961.700000,1754685.500000
646982.700000,1754682.900000
647007.700000,1754679.000000
647032.600000,1754672.900000
647041.300000,1754673.900000
647045.800000,1754671.500000
647049.300000,1754668.900000
647060.900000,1754660.900000
647067.800000,1754658.400000
647074.600000,1754657.700000
647078.200000,1754659.100000
647085.300000,1754659.300000
647085.800000,1754658.300000
647089.700000,1754649.400000
647092.700000,1754647.100000
647103.700000,1754648.700000
647109.100000,1754649.500000
647118.400000,1754646.400000
647125.400000,1754646.700000
647130.800000,1754646.200000
647132.400000,1754644.100000
647137.800000,1754641.700000
647145.600000,1754640.800000
647153.600000,1754640.800000
647168.500000,1754639.600000
647171.400000,1754639.000000
647171.200000,1754636.000000
647170.800000,1754633.100000
647172.100000,1754630.300000
647178.800000,1754629.700000
647188.500000,1754629.400000
647192.000000,1754627.700000
647205.600000,1754623.100000
647218.800000,1754621.900000
647232.000000,1754621.700000
647243.500000,1754621.400000
647246.600000,1754619.900000
647252.900000,1754616.200000
647254.800000,1754611.600000
647260.700000,1754608.200000
647261.900000,1754607.600000
647272.600000,1754607.000000
647295.000000,1754606.400000
647315.300000,1754607.500000
647326.000000,1754604.900000
647335.900000,1754601.900000
647342.900000,1754604.200000
647345.200000,1754606.400000
647349.100000,1754612.500000
647350.900000,1754612.800000
647353.500000,1754611.500000
647355.800000,1754606.900000
647353.400000,1754602.600000
647350.300000,1754600.800000
647350.000000,1754598.600000
647351.700000,1754593.400000
647356.300000,1754590.700000
647375.400000,1754577.400000
647376.000000,1754573.900000
647376.500000,1754570.800000
647384.300000,1754566.100000
647405.500000,1754553.600000
647423.300000,1754542.500000
647432.400000,1754530.600000
647436.900000,1754516.000000
647442.400000,1754495.000000
647441.700000,1754474.600000
647441.200000,1754457.600000
647444.100000,1754445.500000
647447.600000,1754427.800000
647449.700000,1754420.900000
647451.300000,1754419.300000
647451.000000,1754416.200000
647450.100000,1754412.600000
647445.800000,1754404.300000
647443.800000,1754402.400000
647441.700000,1754401.800000
647440.000000,1754400.900000
647439.100000,1754397.400000
647437.400000,1754392.100000
647433.000000,1754382.100000
647422.900000,1754367.000000
647411.900000,1754355.200000
647399.300000,1754345.400000
647382.900000,1754329.500000
647367.900000,1754315.500000
647353.700000,1754306.600000
647338.800000,1754290.400000
647314.800000,1754265.000000
647303.300000,1754253.600000
647289.700000,1754235.300000
647279.800000,1754226.300000
647273.700000,1754221.300000
647271.600000,1754215.100000
647266.900000,1754207.400000
647264.000000,1754203.400000
647261.100000,1754193.300000
647261.200000,1754189.600000
647258.900000,1754188.200000
647256.100000,1754188.000000
647254.500000,1754186.100000
647254.300000,1754183.900000
647254.100000,1754182.200000
647251.500000,1754174.000000
647249.300000,1754171.100000
647237.600000,1754159.700000
647235.600000,1754155.200000
647234.500000,1754149.700000
647231.400000,1754122.500000
647230.900000,1754117.100000
647231.600000,1754095.000000
647232.000000,1754091.100000
647245.600000,1754054.500000
647247.800000,1754050.200000
647250.300000,1754046.600000
647251.500000,1754046.100000
647252.600000,1754044.100000
647252.700000,1754041.600000
647250.800000,1754038.100000
647249.900000,1754037.200000
647248.300000,1754027.800000
647247.500000,1754024.100000
647244.900000,1754017.500000
647244.900000,1754009.900000
647244.900000,1753999.700000
647244.000000,1753994.800000
647234.800000,1753980.400000
647230.400000,1753975.300000
647228.400000,1753968.800000
647227.400000,1753962.300000
647226.400000,1753950.000000
647226.600000,1753937.800000
647227.000000,1753935.900000
647230.500000,1753927.100000
647231.500000,1753925.400000
