#Tuamotu
#Tikehau 584079
##UTM zone 6S
#Source Openstreet maps
#clockwise
370590.577800,8350650.838139
370593.399787,8350650.178562
370596.263188,8350649.817906
370599.063182,8350649.246713
370602.207162,8350648.721630
370606.215649,8350647.471074
370609.835688,8350646.439674
370613.725549,8350645.243790
370616.990425,8350644.243658
370620.635445,8350642.570748
370627.503806,8350639.620909
370631.352550,8350638.070790
370642.017838,8350633.205475
370646.601523,8350631.017682
370649.300041,8350629.317528
370657.136824,8350626.317600
370662.158435,8350624.707437
370665.606116,8350623.719349
370670.527865,8350622.672848
370675.449613,8350621.626345
370680.401182,8350621.033579
370685.418487,8350620.219910
370688.703437,8350619.485384
370692.914444,8350618.578856
370696.975033,8350617.638326
370705.055391,8350615.347719
370711.015305,8350613.289039
370716.114001,8350611.347397
370720.016757,8350609.753304
370724.143856,8350608.448056
370727.712965,8350606.885349
370729.859760,8350605.757473
370733.223530,8350604.370662
370737.107278,8350602.311826
370741.216147,8350600.398022
370744.873460,8350598.437528
370749.136030,8350595.949287
370752.449835,8350593.854183
370757.392125,8350590.993475
370761.526685,8350588.305410
370765.631720,8350585.108295
370768.525043,8350583.187924
370771.614441,8350580.815037
370774.855391,8350578.265962
370777.665464,8350575.825188
370780.454858,8350573.229423
370782.888078,8350570.852992
370785.559085,8350568.267650
370789.281639,8350564.183443
370792.257303,8350560.958103
370795.311132,8350557.202169
370798.319782,8350553.844252
370801.742271,8350549.548230
370805.543582,8350544.822803
370808.468979,8350540.944483
370811.394555,8350537.032976
370813.965568,8350533.042116
370816.956520,8350528.976082
370820.880808,8350523.388417
370824.133267,8350518.704276
370826.873403,8350515.267468
370829.118181,8350511.927551
370831.783135,8350508.468211
370834.665557,8350504.578594
370837.308757,8350501.163387
370842.195119,8350494.706950
370846.646964,8350489.033626
370850.956220,8350483.868421
370853.911188,8350480.488083
370857.829670,8350475.973474
370860.751231,8350472.803149
370864.625012,8350468.598057
370867.589599,8350465.427963
370872.413389,8350460.597415
370876.881004,8350455.986201
370881.446505,8350451.176384
370885.069766,8350447.545203
370890.131334,8350442.505742
370895.180950,8350437.687471
370899.396852,8350433.871418
370902.845133,8350430.770306
370906.447590,8350427.006256
370910.683689,8350423.433692
370911.627118,8350422.033804
370912.851896,8350420.325675
370913.885496,8350418.162940
370914.859865,8350415.015295
370914.704878,8350411.839434
370915.322180,8350409.077062
370916.712231,8350404.648373
370918.954762,8350399.726456
370921.704655,8350394.475391
370923.657183,8350391.465776
370925.746072,8350387.107233
370930.233052,8350378.900703
370932.216596,8350376.123573
370934.705534,8350373.382356
370937.923135,8350371.165021
370940.145734,8350369.937972
370942.010970,8350369.151508
370944.877311,8350368.237688
370948.355302,8350367.603737
370951.926288,8350367.678306
370955.774508,8350368.207944
370958.914622,8350368.390816
370963.173333,8350368.601845
370969.480025,8350368.049518
370973.100241,8350366.973817
370975.830618,8350365.340179
370978.047705,8350363.139570
370979.577008,8350360.813563
370980.382558,8350359.047857
370980.415999,8350356.835476
370979.363115,8350354.595114
370977.929924,8350353.060721
370975.603733,8350351.554702
370974.306267,8350350.784374
370971.815503,8350349.874859
370965.923639,8350347.309712
370958.436777,8350345.289104
370951.443658,8350343.470286
370941.494131,8350341.314703
370935.843654,8350339.868193
370929.955930,8350338.531030
370925.058554,8350337.066454
370917.571698,8350335.045832
370905.586487,8350331.374712
370891.486235,8350326.939905
370875.335188,8350321.797068
370856.662612,8350315.467955
370839.996562,8350310.078932
370824.038560,8350305.047729
370814.136861,8350302.007323
370800.972665,8350297.544325
370785.412921,8350292.470992
370779.292327,8350290.435577
370772.674051,8350288.928487
370768.774630,8350287.922841
370764.034503,8350287.222413
370761.205810,8350287.140761
370755.759315,8350285.772747
370752.073778,8350285.000573
370746.500652,8350283.178298
370740.671035,8350281.044878
370737.698558,8350279.701286
370734.983947,8350278.414400
370732.183521,8350277.082799
370727.955660,8350275.146095
370723.468202,8350273.473496
370719.969598,8350271.950054
370716.115898,8350270.446819
370711.381334,8350268.717569
370706.390099,8350266.710360
370702.427219,8350265.505229
370698.497387,8350264.156459
370694.266842,8350262.717561
370688.992823,8350261.284087
370683.678887,8350259.275130
370679.822979,8350258.181201
370676.063824,8350257.098857
370669.962010,8350255.572403
370667.869448,8350254.631818
370664.508117,8350253.584810
370660.384964,8350252.179675
370656.993217,8350250.789555
370653.237412,8350249.087707
370650.446674,8350247.955279
370646.691766,8350246.087493
370643.600674,8350244.798561
370640.178572,8350243.054264
370636.940173,8350241.156080
370634.311746,8350239.847522
370632.019052,8350238.120392
370629.327220,8350236.601297
370626.292486,8350234.836966
370623.591931,8350232.941688
370620.300648,8350230.877273
370616.957615,8350228.436442
370614.084653,8350226.595545
370611.351950,8350224.677965
370608.737871,8350222.705713
370605.008970,8350220.008349
370601.302780,8350217.089851
370597.350021,8350214.015139
370594.009625,8350211.087555
370590.291783,8350208.334934
370585.967086,8350204.417435
370582.593704,8350201.622424
370579.927520,8350199.340128
370575.722048,8350195.257329
370571.794400,8350191.518979
370568.701416,8350188.592729
370565.235057,8350185.089192
370561.274962,8350181.383853
370558.216405,8350178.059526
370554.687183,8350174.245888
370550.334177,8350169.598082
370546.067884,8350164.829053
370542.743464,8350160.939081
370538.810217,8350156.249292
370534.982683,8350151.903021
370531.221189,8350147.280537
370527.824529,8350142.825968
370522.171116,8350135.969618
370517.205242,8350129.282929
370512.943633,8350123.651018
370507.452538,8350116.618537
370500.171670,8350106.368149
370494.201258,8350098.459107
370488.968697,8350091.361643
370482.722628,8350082.709896
370477.585388,8350075.889516
370475.644004,8350072.858856
370470.861082,8350066.162083
370468.300598,8350062.243045
370466.349837,8350058.957888
370462.700190,8350053.550535
370460.630867,8350050.308988
370457.646944,8350045.126494
370453.679989,8350038.721767
370450.112054,8350032.131131
370447.225485,8350026.849597
370443.997338,8350021.079449
370441.462510,8350016.397211
370438.827219,8350012.389262
370437.207768,8350009.504158
370434.327350,8350005.074493
370432.503463,8350002.199345
370429.900864,8349998.114131
370427.084450,8349993.784377
370424.009875,8349989.453225
370421.716409,8349985.889637
370419.623966,8349982.946656
370416.868681,8349979.247812
370413.998248,8349974.962015
370411.374981,8349970.721807
370408.630755,8349966.967709
370406.507604,8349963.736926
370403.870347,8349960.094035
370401.772905,8349956.088993
370399.426261,8349952.414486
370396.427502,8349946.003928
370394.215303,8349939.354247
370393.296217,8349934.271430
370391.942340,8349928.035723
370390.629991,8349922.076811
370389.601063,8349917.413786
370389.163844,8349914.723150
370388.259113,8349912.948196
370387.481005,8349911.627505
370385.797837,8349910.578481
370384.101036,8349910.060399
370382.238810,8349910.293693
370380.343774,8349910.626374
370378.437142,8349911.113873
370375.875431,8349911.398691
370372.905504,8349911.581732
370370.766660,8349911.249322
370368.736281,8349910.751557
370367.437419,8349910.246693
370366.173043,8349909.332691
370364.907589,8349908.617813
370363.762077,8349907.604889
370362.274150,8349906.258225
370360.732798,8349904.844894
370358.721988,8349902.720998
370355.976940,8349899.121767
370353.102752,8349895.532898
370349.697084,8349890.768489
370346.867723,8349886.847978
370345.128531,8349884.227725
370339.976876,8349876.112877
370336.946978,8349871.483257
370334.239842,8349866.844321
370331.594909,8349862.637174
370328.723427,8349858.550489
370325.059250,8349853.851051
370322.112294,8349849.797145
370317.187588,8349843.475700
370314.433175,8349839.621967
370310.832465,8349835.122002
370307.073404,8349830.068036
370303.956087,8349825.692381
370301.030531,8349821.660712
370297.035908,8349816.406337
370294.464125,8349812.597842
370291.771141,8349809.319706
370290.667563,8349806.525889
370289.431726,8349804.317684
370288.147385,8349801.135688
370287.397338,8349798.609295
370286.330289,8349795.030214
370285.454521,8349791.883620
370284.016089,8349787.362185
370280.281195,8349775.869774
370278.041955,8349770.248775
370275.380250,8349763.187316
370273.150450,8349757.809750
370271.134704,8349752.632475
370268.425117,8349746.466846
370266.095451,8349741.652942
370264.659504,8349738.658189
370262.872369,8349734.964573
370261.037588,8349732.122537
370259.890272,8349729.461234
370259.101343,8349726.171293
370259.079032,8349724.334741
370259.479709,8349721.858839
370261.839607,8349721.097238
370263.606331,8349720.620054
370265.748456,8349720.344037
370268.004286,8349720.920474
370269.497055,8349721.371083
370270.760817,8349722.395716
370272.059668,8349722.900587
370274.714932,8349723.213682
370274.877881,8349720.935621
370273.817576,8349718.097786
370270.248144,8349713.786050
370267.290237,8349711.756573
370265.972754,8349710.720585
370264.957475,8349709.498167
370263.331229,8349707.874174
370261.727697,8349706.029047
370260.500286,8349704.252337
370258.875361,8349702.384968
370257.593147,8349700.796029
370256.645409,8349699.020835
370255.182073,8349697.110091
370253.978337,8349694.935247
370252.313686,8349692.459206
370250.223932,8349689.029455
370248.848810,8349686.720927
370247.112165,8349683.636039
370243.253138,8349677.187599
370240.278450,8349672.303816
370238.744321,8349669.562974
370236.665628,8349666.077967
370234.617404,8349662.925011
370232.597251,8349660.546606
370231.563283,8349658.804131
370229.371085,8349656.413730
370226.929746,8349654.342798
370224.745724,8349652.428142
370220.997244,8349649.398715
370215.671988,8349645.542083
370213.102052,8349643.381950
370209.477851,8349641.238222
370205.822702,8349638.850943
370201.921533,8349636.207884
370196.793515,8349633.668795
370192.491893,8349631.477137
370188.888189,8349629.521586
370184.060157,8349627.205379
370180.206951,8349625.635671
370176.482945,8349624.044538
370173.843012,8349622.890739
370170.547589,8349621.611690
370168.121707,8349620.658183
370162.094166,8349617.372994
370159.238382,8349616.350776
370156.933405,8349614.922221
370154.745370,8349613.748747
370152.890368,8349612.654519
370150.362206,8349610.726925
370148.173871,8349609.608762
370145.378718,8349607.325707
370141.938651,8349604.950648
370139.357368,8349602.901073
370136.551640,8349600.584770
370133.447130,8349597.824332
370131.272196,8349596.219475
370127.759840,8349593.290879
370124.417006,8349590.838905
370121.705446,8349589.009877
370118.597997,8349586.791500
370115.597873,8349584.617956
370112.639095,8349582.754396
370108.406053,8349579.821884
370103.185391,8349576.518934
370098.896887,8349573.895878
370092.540179,8349569.823420
370086.879284,8349566.374258
370080.896175,8349562.834843
370077.498125,8349560.648070
370074.130243,8349558.848659
370069.143531,8349556.044800
370065.421825,8349554.033273
370062.772530,8349552.624964
370061.119688,8349551.941152
370059.715929,8349550.948933
370056.251841,8349549.038369
370054.741298,8349547.901754
370050.409597,8349545.311642
370048.674910,8349543.852986
370046.347532,8349542.590240
370043.444589,8349540.350837
370040.906829,8349538.212984
370039.245516,8349537.108736
370037.155023,8349535.803025
370033.456098,8349533.559297
370029.490184,8349530.960105
370027.377698,8349529.742777
370022.669224,8349527.205927
370019.603315,8349525.264332
370016.708368,8349523.533860
370013.200239,8349521.811119
370009.037346,8349519.830373
370006.368227,8349518.112189
370003.011052,8349516.323889
369999.567705,8349514.557246
369996.285346,8349512.857854
369992.013927,8349511.053521
369988.473653,8349509.308475
369984.707010,8349507.650701
369980.833405,8349505.881716
369978.880828,8349504.930761
369976.561928,8349504.088442
369974.725389,8349503.558505
369972.598122,8349503.082302
369970.707199,8349502.662698
369968.717963,8349502.519131
369966.705411,8349502.707322
369964.617081,8349502.983603
369962.904448,8349503.405744
369961.115858,8349503.949164
369959.616732,8349504.671162
369958.008657,8349505.647014
369956.239414,8349506.588800
369954.586028,8349507.984794
369952.812394,8349509.734144
369951.091040,8349511.760350
369949.792377,8349513.202523
369948.782036,8349515.033464
369946.927452,8349517.822282
369944.709422,8349522.168986
369943.277641,8349526.331896
369942.911127,8349528.453970
369942.457598,8349530.752578
369942.338545,8349532.864935
369942.232834,8349534.501662
369942.375186,8349536.018046
369942.814631,8349538.288320
369943.494208,8349539.918254
369944.463009,8349541.771017
369946.117703,8349544.092149
369947.604623,8349545.615844
369949.222426,8349546.808364
369951.687711,8349548.425880
369954.259960,8349550.154606
369956.715572,8349551.572937
369959.204175,8349552.858694
369960.730402,8349553.088248
369963.058740,8349554.174001
369964.780321,8349556.064044
369965.125425,8349557.880227
369964.601714,8349559.238111
369963.376421,8349561.034695
369961.857274,8349563.460264
369960.453390,8349564.470414
369959.081895,8349565.458615
369957.507409,8349566.191267
369955.546709,8349566.733750
369953.403749,8349567.164614
369951.930342,8349567.112353
369949.638534,8349567.221585
369947.735225,8349567.100609
369945.746165,8349566.923852
369943.682590,8349566.602873
369942.167420,8349566.318064
369940.180344,8349565.776244
369937.985646,8349565.830688
369936.093274,8349565.676582
369934.446860,8349565.789322
369932.885235,8349566.134842
369930.517890,8349566.287913
369925.175120,8349567.641718
369920.302689,8349569.540160
369916.411992,8349570.912922
369910.548393,8349573.093606
369906.150332,8349574.795493
369899.780450,8349577.106175
369897.786997,8349577.736978
369895.154213,8349579.227207
369893.385203,8349580.124740
369890.944894,8349581.826209
369889.455434,8349582.747388
369887.618996,8349584.175570
369885.674450,8349585.702730
369884.645055,8349587.079987
369882.904162,8349588.741009
369881.651586,8349589.619224
369880.314523,8349590.209345
369878.611976,8349590.753227
369876.352375,8349590.873690
369873.881132,8349590.351356
369871.948802,8349589.632823
369870.416209,8349588.595640
369868.289598,8349587.997741
369866.873703,8349587.259890
369865.239487,8349587.107183
369863.667644,8349587.353078
369862.232327,8349588.208172
369861.127755,8349589.562894
369860.259947,8349590.896778
369859.468097,8349592.109384
369858.254635,8349593.706896
369857.151085,8349594.873555
369855.659336,8349596.215107
369854.296305,8349597.623737
369853.074131,8349598.845065
369850.115094,8349600.986222
369847.426235,8349602.896530
369844.262400,8349605.114013
369842.351143,8349606.453282
369840.528647,8349607.295205
369837.832400,8349608.585952
369836.114219,8349610.025837
369834.945225,8349611.358082
369832.510006,8349614.099482
369830.889759,8349617.309956
369830.037744,8349619.694896
369828.991809,8349622.134096
369827.852856,8349623.875829
369826.695220,8349625.097507
369825.257551,8349626.384037
369823.962246,8349627.206703
369822.710328,8349627.963228
369821.156805,8349628.795551
369819.603883,8349629.517248
369818.138157,8349630.029226
369815.747486,8349630.514045
369813.130685,8349631.041884
369809.749986,8349631.598755
369806.487488,8349632.178394
369802.537231,8349632.632597
369800.642566,8349632.898857
369798.189040,8349633.073572
369795.735213,8349633.303599
369793.580042,8349633.999892
369791.983430,8349634.843042
369790.459947,8349636.084852
369789.020770,8349637.647944
369788.527751,8349639.293626
369788.003486,8349640.751069
369787.646570,8349643.083389
369786.897539,8349646.309666
369786.307870,8349649.901884
369785.305716,8349654.177755
369784.204405,8349658.884537
369783.191253,8349663.204598
369780.828429,8349666.477405
369779.648071,8349667.920214
369777.680132,8349669.790187
369775.907798,8349671.296151
369774.309136,8349672.515426
369772.225222,8349673.953316
369769.807912,8349675.378328
369767.326184,8349676.780864
369763.885370,8349678.499001
369759.473509,8349680.753931
369751.320912,8349684.493043
369745.508460,8349687.149671
369741.917713,8349688.745297
369738.100052,8349690.527756
369734.477576,8349692.023643
369731.900179,8349693.215460
369729.031629,8349694.538446
369726.386860,8349696.249850
369723.959391,8349697.564174
369720.536349,8349699.968299
369718.129670,8349701.415490
369715.333282,8349703.314136
369712.006084,8349705.895788
369708.895102,8349708.279486
369706.506500,8349710.357357
369704.700443,8349712.128641
369702.190626,8349714.736869
369700.287759,8349716.507625
369698.837212,8349718.181279
369697.223929,8349720.108493
369695.759613,8349722.335215
369694.437000,8349724.219760
369693.181759,8349725.584717
369692.139300,8349727.382285
369690.349030,8349730.204625
369688.664458,8349733.370490
369687.391228,8349736.062893
369686.194199,8349738.589767
369685.094702,8349740.984418
369684.254088,8349743.247725
369682.193122,8349748.369666
369680.972801,8349753.197488
369679.878998,8349756.521450
369678.282917,8349765.163911
369677.655597,8349769.740518
369677.089683,8349774.892727
369676.476373,8349778.872015
369676.020315,8349783.604434
369675.013348,8349790.734493
369674.147241,8349797.677250
369672.728024,8349809.396149
369671.306335,8349817.619172
369670.097520,8349824.283490
369669.207849,8349827.652816
369668.401760,8349831.476174
369667.586090,8349837.058474
369667.611490,8349842.269219
369667.597268,8349844.879976
369667.829094,8349849.715708
369668.468771,8349854.719604
369668.975421,8349858.472673
369669.927313,8349861.453767
369670.422815,8349863.303963
369671.261024,8349865.432598
369672.110653,8349867.439603
369673.207385,8349869.503269
369674.198659,8349871.179160
369675.307534,8349872.988446
369676.492791,8349874.599016
369677.880798,8349876.509388
369679.365375,8349878.464537
369681.130229,8349880.310584
369683.161711,8349882.578472
369687.581998,8349886.684741
369691.685610,8349889.682999
369694.098038,8349891.134309
369696.328203,8349892.473998
369698.483253,8349893.780088
369701.120910,8349895.354315
369702.459173,8349896.523203
369704.944910,8349898.339985
369707.000380,8349900.154424
369708.767828,8349901.524780
369710.414844,8349903.281680
369712.629315,8349905.528436
369715.822081,8349909.860335
369717.942488,8349913.577937
369719.306157,8349916.008128
369720.527699,8349918.857933
369722.185750,8349922.539829
369723.300569,8349925.234173
369724.454320,8349928.681003
369725.525089,8349931.563175
369726.738105,8349934.003608
369728.851289,8349939.048712
369730.278176,8349941.722629
369732.268303,8349945.660777
369735.295451,8349950.777234
369736.680577,8349953.218603
369738.068594,8349955.128971
369740.425236,8349958.925296
369742.573670,8349961.448260
369744.320093,8349962.729996
369751.088883,8349970.156829
369751.905169,8349972.362780
369752.224055,8349975.041727
369751.560826,8349978.312721
369749.260162,8349982.017317
369746.710466,8349986.019253
369745.038751,8349988.797992
369742.763634,8349991.761515
369741.923139,8349994.002699
369741.687190,8349995.848911
369741.740710,8349997.873705
369742.115668,8350000.132568
369742.698015,8350001.839418
369744.868005,8350006.331686
369747.170750,8350010.149843
369748.676734,8350012.127229
369750.245272,8350014.470029
369752.482476,8350016.495646
369754.335207,8350018.010279
369756.145814,8350019.358740
369759.137718,8350023.047892
369761.579161,8350027.076996
369763.569061,8350031.059391
369764.828585,8350034.838679
369766.417054,8350039.449471
369767.496905,8350042.641450
369768.565337,8350045.955058
369769.373018,8350049.742949
369770.317948,8350054.007290
369771.241546,8350058.238327
369772.213330,8350063.498470
369773.183789,8350069.001989
369774.014290,8350074.526872
369774.614524,8350078.877840
369775.076545,8350082.929358
369775.795706,8350087.170344
369776.304969,8350090.447720
369777.103884,8350093.870488
369777.777930,8350096.518178
369778.434738,8350098.380312
369779.158676,8350099.767108
369780.193296,8350101.387914
369781.745447,8350102.790280
369783.892894,8350103.521051
369785.785429,8350103.653041
369787.509046,8350103.197780
369791.182773,8350102.177862
369793.114501,8350101.037837
369794.776466,8350100.051223
369795.871450,8350098.486257
369797.161681,8350096.623655
369798.581897,8350094.595818
369801.452733,8350090.883257
369803.466558,8350088.493576
369807.978607,8350085.630721
369811.359566,8350083.060408
369815.512547,8350080.947872
369816.753189,8350080.290851
369821.812250,8350079.698853
369825.080810,8350079.993206
369828.584033,8350080.653908
369832.770335,8350082.302920
369836.222468,8350084.445765
369839.336387,8350087.460735
369842.374348,8350090.596983
369844.105516,8350092.708341
369845.940582,8350095.495097
369847.811516,8350099.598527
369848.874547,8350103.907758
369849.281714,8350108.158106
369850.312536,8350112.456098
369852.141708,8350116.326981
369854.734554,8350120.213080
369858.608965,8350123.829576
369861.005917,8350126.154747
369865.795910,8350131.524152
369867.251076,8350132.959173
369869.343710,8350135.857956
369870.935286,8350137.924300
369872.197071,8350139.314018
369874.139351,8350142.167731
369875.418980,8350144.232379
369876.933696,8350146.585940
369878.497684,8350149.769481
369879.760121,8350153.017760
369880.450773,8350154.592440
369881.484139,8350156.445554
369882.796762,8350158.377627
369884.237625,8350160.465276
369885.764724,8350162.520206
369887.689945,8350164.555175
369889.101064,8350166.178023
369891.682393,8350168.227621
369892.761795,8350169.527843
369894.330960,8350171.760006
369895.937258,8350175.076531
369896.746589,8350178.565727
369896.478862,8350180.323264
369896.341360,8350181.871315
369895.944972,8350183.550713
369895.582238,8350184.975848
369894.939706,8350186.421588
369894.210578,8350187.966422
369893.170163,8350189.387873
369891.782342,8350191.393766
369889.079118,8350193.956712
369886.834288,8350197.285487
369884.766249,8350201.732570
369883.420662,8350205.862759
369883.105215,8350208.482938
369882.218813,8350211.254893
369880.844313,8350216.745655
369879.822342,8350218.731410
369878.915930,8350221.226685
369878.080856,8350222.472247
369876.674344,8350223.958083
369875.500694,8350226.142145
369874.223917,8350229.487246
369873.285774,8350231.882782
369872.639149,8350234.080773
369872.811549,8350236.006646
369873.843175,8350238.180573
369875.320283,8350239.538272
369876.585743,8350240.253175
369878.711992,8350240.928507
369880.753029,8350241.448495
369882.762336,8350241.868745
369885.879661,8350242.283956
369889.126308,8350242.655619
369892.265026,8350243.093071
369894.986511,8350243.107867
369898.180638,8350243.246923
369900.287479,8350243.534948
369903.804671,8350243.609382
369908.046603,8350242.946545
369910.933410,8350242.232090
369913.238265,8350241.713602
369918.101514,8350239.549593
369919.738841,8350239.138105
369921.843283,8350237.888379
369924.152466,8350236.573389
369927.111870,8350234.376905
369929.587276,8350232.166727
369932.673662,8350228.377883
369933.773151,8350225.983222
369934.970474,8350223.401023
369935.656813,8350221.811704
369936.937064,8350219.805224
369938.777752,8350217.602659
369940.141592,8350216.050210
369941.569132,8350214.652987
369942.553536,8350213.640555
369945.629277,8350211.809776
369948.453161,8350210.796277
369952.035551,8350210.749368
369955.721060,8350211.521669
369959.292149,8350213.554512
369962.396666,8350216.326030
369965.057870,8350219.515526
369967.787459,8350223.977621
369970.704905,8350227.522520
369974.622197,8350231.172416
369979.881334,8350235.338493
369981.863779,8350236.743181
369984.897331,8350238.717785
369988.059185,8350240.836903
369991.617420,8350243.256870
369995.109973,8350245.886674
369996.921031,8350247.157676
369999.234718,8350248.973488
370001.226780,8350250.588421
370003.476046,8350252.381756
370007.395692,8350255.600209
370012.410615,8350259.178620
370018.470158,8350262.541447
370024.414742,8350265.284129
370028.977338,8350266.979397
370031.179972,8350267.455999
370033.650267,8350268.166373
370036.241170,8350268.457014
370039.198467,8350268.627953
370041.511794,8350268.529887
370043.698021,8350268.066057
370046.638250,8350267.418252
370049.453121,8350266.083871
370051.601606,8350264.646305
370053.252692,8350263.681740
370054.787195,8350262.395720
370055.958186,8350260.698401
370058.542531,8350258.234357
370060.377324,8350257.115909
370062.449309,8350255.899184
370063.830151,8350255.176534
370065.608336,8350254.577732
370067.544932,8350254.521869
370069.013636,8350255.448059
370069.716562,8350256.746227
370070.107239,8350258.098015
370071.134258,8350261.123746
370072.049505,8350264.923268
370072.614340,8350267.880113
370073.277668,8350270.527733
370074.117738,8350274.304722
370075.849127,8350278.363120
370078.043843,8350282.280217
370079.592299,8350284.368437
370081.825952,8350287.057769
370083.590868,8350288.903781
370085.194490,8350290.737855
370087.010789,8350293.026659
370089.221789,8350295.926062
370091.037248,8350298.369741
370093.288274,8350301.822502
370095.335942,8350305.086091
370096.602560,8350307.571042
370100.747719,8350314.828637
370105.121726,8350323.525642
370107.419337,8350328.306194
370109.742365,8350332.367801
370111.730250,8350336.737347
370113.641205,8350339.424924
370114.911490,8350341.235061
370116.450577,8350343.068781
370118.640552,8350345.879564
370121.241212,8350348.338564
370123.210276,8350350.229931
370125.535759,8350351.857725
370128.203242,8350353.896699
370131.588376,8350356.503771
370137.125625,8350360.970014
370142.265651,8350365.290284
370146.139485,8350369.028415
370149.286231,8350371.955013
370153.476532,8350376.845394
370156.977792,8350381.842665
370158.632571,8350384.163775
370162.535514,8350390.468638
370166.164797,8350397.645980
370170.165473,8350405.765676
370173.573605,8350412.067853
370176.738890,8350417.527937
370179.231950,8350421.977655
370181.256266,8350425.584056
370182.770370,8350428.059280
370184.758140,8350430.470697
370186.668811,8350433.213579
370190.679803,8350437.450273
370195.081526,8350441.047440
370199.734740,8350443.893698
370202.982514,8350446.046437
370207.347152,8350448.548180
370211.313783,8350451.047765
370217.180915,8350454.199297
370220.991133,8350457.771126
370224.314950,8350461.771768
370225.902860,8350464.523960
370227.855007,8350467.554697
370230.373576,8350473.254647
370231.523631,8350475.418135
370233.898322,8350479.878267
370237.387598,8350485.107778
370239.170396,8350487.628705
370241.253730,8350490.272953
370243.668191,8350493.350447
370247.110583,8350497.307476
370249.238026,8350499.752831
370251.987454,8350502.555568
370254.437727,8350504.980547
370257.048155,8350507.627651
370259.787307,8350510.341828
370262.315219,8350512.335777
370265.739821,8350515.606811
370268.640929,8350518.211237
370271.671362,8350520.772112
370275.268318,8350523.999827
370281.695224,8350529.068245
370285.785025,8350532.663703
370290.788091,8350536.463239
370295.972229,8350540.595641
370302.024028,8350545.407575
370307.541277,8350549.608155
370313.284545,8350553.787833
370317.527649,8350556.886288
370322.434871,8350560.508292
370328.020145,8350564.067592
370333.056993,8350567.590731
370336.498482,8350569.733436
370340.432815,8350572.243884
370343.155864,8350573.962309
370347.467352,8350576.353107
370351.597051,8350578.543789
370355.297131,8350580.610452
370358.783808,8350582.355137
370362.196325,8350583.889226
370365.520929,8350585.765786
370370.735051,8350588.338473
370374.027565,8350590.181669
370379.057383,8350593.018864
370381.576532,8350594.647678
370385.329143,8350596.946939
370389.177010,8350599.534350
370392.317911,8350601.564790
370396.477733,8350604.153889
370400.668030,8350607.075036
370406.573460,8350611.111750
370409.949580,8350613.408969
370412.477814,8350615.347587
370414.311573,8350616.408483
370415.973580,8350617.402071
370418.218142,8350618.089054
370420.129597,8350618.707857
370421.965932,8350619.293064
370424.180379,8350619.581622
370426.061359,8350619.868374
370428.642982,8350619.893411
370431.405917,8350620.207063
370434.431032,8350619.780924
370436.368133,8350619.636529
370438.714179,8350619.461160
370442.103775,8350619.269312
370445.114241,8350619.562176
370448.103014,8350619.888111
370453.222693,8350620.037510
370456.337137,8350620.994704
370459.305174,8350621.176709
370464.590320,8350622.554974
370470.508454,8350624.246421
370477.638720,8350626.575007
370480.998362,8350627.942850
370483.810235,8350629.152848
370487.204604,8350630.067302
370489.719052,8350630.578733
370492.589499,8350630.904022
370495.233330,8350631.360838
370497.298976,8350631.316699
370499.729583,8350631.418351
370502.679159,8350631.036047
370505.759076,8350630.422128
370507.891897,8350629.891587
370510.692191,8350629.265092
370513.815914,8350628.507592
370517.315593,8350627.851691
370520.436982,8350627.525627
370524.139787,8350627.103143
370528.898275,8350626.409798
370534.913479,8350626.066195
370538.605347,8350625.676838
370544.188654,8350625.629594
370546.972686,8350626.020786
370549.852573,8350626.589501
370552.977659,8350627.568866
370557.239638,8350629.173896
370560.028505,8350630.660331
370561.998224,8350632.441033
370564.097267,8350634.178183
370566.753222,8350636.371919
370570.089971,8350639.985376
370572.794150,8350643.208214
370573.958531,8350644.719053
370575.175321,8350646.484620
370576.630918,8350647.853216
370578.420881,8350649.057678
370580.213475,8350649.775390
370582.413282,8350650.782937
370584.382534,8350650.660829
370587.619141,8350650.910646
370590.577800,8350650.838139
