#Tuamotu
#Tikehau 579432
##UTM zone 6S
#Source Openstreet maps
#clockwise
385154.252733,8348268.455623
385259.150323,8348208.581324
385386.473294,8348150.871746
385469.396922,8348104.265535
385538.126677,8348059.095552
385619.736153,8348017.261481
385687.022342,8347990.447616
385860.564483,8347839.391817
385905.017523,8347807.744709
385981.536615,8347743.683171
386043.241987,8347691.542288
386116.375346,8347635.882620
386171.950651,8347576.742978
386213.253462,8347540.157626
386318.380730,8347444.305612
386376.322484,8347387.168026
386414.805548,8347319.174195
386510.450083,8347165.652928
386562.028032,8347105.331971
386583.690285,8347066.539875
386820.686878,8346774.524991
386940.475964,8346570.108582
387048.047268,8346417.626551
387184.890712,8346056.006493
387217.344452,8345842.890394
387223.733163,8345729.001332
387232.293887,8345662.977910
387240.465486,8345465.377989
387250.634117,8345361.761492
387273.118217,8345209.960614
387300.800594,8345068.649189
387322.938103,8344921.824657
387395.882639,8344573.530551
387416.467424,8344402.361608
387440.345920,8344285.169979
387475.590319,8344165.841653
387513.670099,8344085.952620
387518.853653,8344065.390185
387520.607296,8344017.366059
387547.200523,8343826.058849
387560.263298,8343680.795347
387566.323655,8343508.562146
387560.927126,8343444.386525
387558.095549,8343237.751886
387565.682608,8343149.908927
387577.437690,8343078.911364
387583.131114,8342950.261759
387577.633357,8342887.070173
387585.357250,8342699.589841
387575.064501,8342508.672564
387560.499621,8342405.027593
387533.577382,8342288.226480
387518.458836,8342117.497085
387509.875193,8342095.343006
387477.665639,8341896.146919
387464.192741,8341864.234878
387466.789060,8341840.452152
387459.710727,8341795.605321
387459.139460,8341743.587696
387437.807375,8341638.726852
387425.210955,8341603.422787
387412.106171,8341582.397739
387393.334299,8341563.746387
387367.395689,8341548.534666
387334.527101,8341543.533803
387269.947541,8341566.093786
387244.878578,8341564.791365
387217.126362,8341589.682809
387184.425748,8341630.900861
387173.251156,8341635.980802
387164.608212,8341651.393874
387145.997748,8341657.688592
387121.037375,8341696.952052
387106.448589,8341707.734987
387083.066227,8341713.531347
387061.339972,8341710.220197
387044.690108,8341702.143138
387024.017596,8341701.104728
386918.491862,8341712.152674
386946.205212,8341777.043114
386959.921570,8341848.106187
386993.620840,8341947.749565
387001.510153,8341984.679823
387038.967428,8342067.437728
387067.067924,8342143.823530
387137.987888,8342383.315775
387143.093179,8342445.078682
387127.058571,8342477.227172
387113.417795,8342532.916519
387123.477323,8342570.343720
387117.847647,8342594.255857
387125.765866,8342652.414718
387123.472204,8342678.057323
387129.099707,8342743.097133
387144.416481,8342801.202536
387146.184519,8342841.101563
387167.367994,8342943.329050
387222.623179,8343144.437732
387246.121790,8343291.588944
387272.640690,8343395.932262
387294.424514,8343528.362403
387315.869826,8343775.661661
387317.180246,8343866.964889
387318.457310,8343956.232491
387294.910838,8344044.055256
387225.456791,8344079.491136
387208.621301,8344076.181295
387179.360218,8344080.744295
387165.922857,8344091.079244
387159.157533,8344104.963577
387155.959811,8344144.396555
387181.410157,8344208.844205
387184.571469,8344258.904943
387178.983726,8344273.912145
387148.968022,8344303.804189
387144.366690,8344348.960782
387113.357968,8344388.682460
387100.749796,8344412.362427
387096.264094,8344435.350741
387103.071720,8344467.065363
387104.638084,8344551.887319
387099.180325,8344573.488245
387077.619005,8344598.375851
387085.806023,8344620.406442
387114.255934,8344626.050157
387169.292541,8344631.111665
387183.364258,8344636.775758
387183.772974,8344652.674190
387147.664599,8344647.359374
387137.480327,8344645.131905
387127.260764,8344650.360243
387133.965470,8344662.947669
387120.095448,8344676.012948
387116.333194,8344682.477637
387140.536640,8344699.207744
387143.518254,8344707.717688
387139.042775,8344712.641347
387083.496937,8344708.340669
387029.237409,8344795.730176
387020.751253,8344891.323429
387045.725434,8344902.028326
387048.782413,8344908.248745
387042.428583,8344941.914369
387057.045781,8344957.326978
387076.911493,8344965.828375
387076.647376,8344973.913653
387071.073468,8344979.141847
387037.127747,8344978.040805
387024.478100,8345001.322309
387032.910676,8345012.402408
387027.780308,8345021.615116
387059.760533,8345044.908859
387065.030637,8345056.150966
387057.174227,8345066.468063
387041.026017,8345051.866818
387008.674432,8345057.023483
386945.115098,8345100.540024
386940.763906,8345113.252091
386938.177567,8345123.450321
386931.722252,8345135.378053
386916.890669,8345219.624485
386910.110339,8345232.048475
386900.411883,8345292.889314
386902.506189,8345320.698764
386885.538992,8345363.130682
386887.103340,8345380.229329
386890.307501,8345430.268169
386884.619482,8345457.266362
386877.554124,8345477.620653
386875.951827,8345500.279676
386898.030237,8345518.515429
386928.476107,8345547.996905
386939.850194,8345555.672716
386977.940341,8345572.004104
387024.429876,8345579.226694
387027.842869,8345589.774143
387019.003513,8345600.960502
387007.280436,8345603.382940
386928.210347,8345579.113844
386873.997172,8345585.914608
386842.786344,8345572.602493
386832.351136,8345580.119605
386832.810515,8345596.637774
386850.114116,8345628.457529
386853.110152,8345654.346417
386846.555663,8345757.460062
386829.399467,8345839.671027
386798.087091,8345954.260513
386767.312290,8346034.824938
386745.045244,8346151.448497
386703.423864,8346253.543907
386660.037467,8346335.442214
386639.870702,8346399.175835
386599.839226,8346483.368818
386557.397701,8346615.239808
386515.675843,8346701.957914
386432.318254,8346832.229323
386399.340627,8346873.489667
386370.479079,8346899.558911
386316.093670,8346975.751551
386237.145359,8347065.035472
386124.033097,8347225.275792
386082.676283,8347264.239105
386054.155615,8347299.845342
386038.560244,8347304.406044
385998.069016,8347330.961461
385875.333113,8347460.844147
385822.570583,8347496.190510
385689.011562,8347552.179742
385569.576527,8347623.302788
385457.676951,8347677.182080
385261.325851,8347804.761944
385175.482193,8347848.101045
385115.829049,8347904.641456
385049.649364,8347978.573500
385014.957125,8348006.527022
384790.628991,8348135.572770
384753.415981,8348150.847427
384694.938659,8348161.716199
384679.945281,8348168.391881
384626.175132,8348202.314984
384582.938356,8348237.704825
384480.790843,8348293.408016
384407.124413,8348362.401680
384312.289509,8348413.736763
384191.605048,8348503.398997
384099.589819,8348551.959254
384034.555891,8348594.875532
383953.015497,8348663.531064
383864.699699,8348716.411705
383820.562413,8348733.045233
383728.610006,8348752.853404
383625.421934,8348787.197804
383555.385126,8348799.147093
383474.129345,8348822.203437
383342.274006,8348900.977234
383200.909993,8348959.802705
383064.930126,8349050.225754
382980.892960,8349089.661367
382923.630260,8349106.594159
382849.854330,8349113.036224
382783.851722,8349142.105567
382723.110602,8349153.246280
382669.163873,8349178.248171
382636.108395,8349189.535550
382608.888145,8349193.152102
382542.638832,8349241.678361
382429.261090,8349302.141465
382367.779356,8349347.825559
382321.910996,8349366.018824
382264.507369,8349376.367295
382180.324669,8349414.239754
382133.140024,8349448.466686
382096.453122,8349502.403185
382069.448180,8349527.702542
382037.479941,8349549.559111
381976.716422,8349571.472709
381905.821636,8349625.782213
381693.564175,8349704.161615
381614.217848,8349714.156708
381532.354455,8349752.381455
381345.459422,8349828.383401
381261.115366,8349876.440544
381175.469985,8349946.040579
381087.033992,8349975.348128
380995.640884,8350015.227417
380888.791501,8350082.917874
380820.521209,8350095.388260
380776.168586,8350111.052996
380750.539190,8350129.709329
380710.021088,8350137.848467
380656.623708,8350163.932985
380635.124867,8350180.408376
380480.134081,8350225.001922
380412.643041,8350266.514044
380386.156874,8350277.864512
380261.241043,8350292.340108
380129.518474,8350282.686908
380112.741778,8350286.198174
380098.919036,8350296.981210
380079.722267,8350300.447141
380065.171938,8350312.598260
380036.852134,8350363.520701
379997.427439,8350398.014976
379961.277673,8350418.653275
379912.432195,8350431.218593
379897.293503,8350446.973037
379858.857690,8350472.976085
379813.266682,8350492.903036
379802.837747,8350502.563524
379751.706858,8350516.057367
379724.345409,8350547.337344
379643.535426,8350595.163582
379515.175962,8350622.262553
379461.705801,8350643.067403
379412.129967,8350648.846767
379386.205696,8350659.502088
379230.787634,8350672.458105
379147.336347,8350712.614195
379108.425536,8350738.691168
379055.962823,8350755.838555
379008.962711,8350796.775706
378981.292993,8350812.167607
378897.139025,8350831.555007
378855.402449,8350848.369049
378816.366579,8350871.413825
378714.151613,8350905.544014
378609.570976,8350922.459577
378547.410101,8350925.772831
378537.314818,8350933.133506
378522.419439,8350970.648384
378491.607067,8350988.358004
378339.742301,8351004.269103
378287.646125,8351016.781553
378237.326914,8351047.921171
378225.254854,8351078.016238
378210.895736,8351092.468311
378183.279312,8351099.319348
378150.696719,8351116.012864
378082.707042,8351127.326694
378062.427917,8351138.219593
378005.280338,8351145.528470
377934.352786,8351142.257555
377865.841777,8351146.067721
377852.349072,8351150.888541
377831.109656,8351168.646196
377776.814085,8351184.088998
377615.150929,8351197.191044
377569.232488,8351204.722228
377514.473579,8351226.567305
377429.675599,8351230.370372
377407.901785,8351238.965146
377339.357784,8351247.021689
377275.013099,8351273.186853
377245.676585,8351292.307477
377180.583837,8351311.167275
377130.578955,8351316.253985
377084.060515,8351314.842632
376991.033975,8351343.514856
376924.475760,8351352.310575
376768.786241,8351356.012414
376708.957397,8351380.329787
376551.306946,8351409.607902
376525.076546,8351431.199606
376481.978997,8351444.329918
376361.806521,8351442.404451
376215.639064,8351458.077387
376113.396971,8351437.857297
376046.473817,8351435.951194
375993.340886,8351440.444124
375980.255049,8351449.668956
376029.180773,8351497.336593
376035.396620,8351512.270098
376035.349951,8351594.033578
376013.634071,8351653.603937
376000.009643,8351743.992340
376004.654809,8351773.498229
376021.598252,8351792.171102
376080.900697,8351826.296323
376109.466137,8351835.946846
376254.342418,8351860.358553
376371.500746,8351858.916875
376419.224192,8351845.921192
376459.385881,8351853.606651
376538.391458,8351849.157479
376623.726908,8351835.492330
376675.038086,8351819.306482
376801.931382,8351803.277044
376876.794448,8351777.996768
376959.284623,8351761.063439
377191.515313,8351726.180139
377311.837534,8351724.296575
377457.874525,8351685.827359
377724.640801,8351630.838020
377918.272647,8351601.901550
378041.806151,8351577.606987
378367.968174,8351480.986090
378488.944151,8351426.221199
378664.400381,8351366.101007
378738.565082,8351335.656497
378825.112417,8351311.358810
378885.267528,8351287.922983
379041.500846,8351246.464946
379164.029941,8351194.569878
379243.901398,8351169.197184
379331.470230,8351153.277209
379406.988625,8351131.388866
379492.177159,8351086.074369
379609.263535,8351037.988442
379740.372894,8350992.804411
379815.645564,8350957.528014
379866.389365,8350922.736764
379962.477016,8350870.207354
380122.668774,8350810.575756
380195.979319,8350771.626744
380435.581936,8350698.252618
380654.381153,8350607.183193
380759.775045,8350558.026995
380831.072884,8350531.887515
380891.322995,8350503.635244
380970.438198,8350454.214647
381036.828147,8350435.008458
381092.044298,8350410.934421
381288.208456,8350321.483900
381333.325997,8350294.726390
381380.825920,8350275.591560
381551.810678,8350189.598436
381657.849812,8350146.205260
381758.391938,8350115.860256
381822.056493,8350084.038445
381951.330030,8350007.715359
382106.208306,8349930.389444
382204.329215,8349891.180820
382247.003151,8349879.708986
382506.617917,8349764.686370
382588.994092,8349722.434211
382630.241357,8349694.704076
382692.918074,8349664.224873
382770.861092,8349617.746688
382890.980463,8349522.756059
382918.637889,8349508.997098
382981.941777,8349488.653406
383020.594553,8349456.794760
383065.925644,8349429.592781
383152.820205,8349393.334601
383236.649556,8349343.731001
383293.874810,8349319.097845
383340.904537,8349305.178516
383386.374212,8349275.885864
383454.429712,8349244.822605
383526.745265,8349204.764087
383658.608110,8349148.954708
383817.204237,8349065.563344
383866.314542,8349035.004306
383951.784872,8349001.291894
384043.309962,8348952.187643
384246.799479,8348864.243419
384494.249326,8348744.661524
384572.782398,8348690.403945
384748.077883,8348593.204240
385068.778047,8348321.918254
385154.252733,8348268.455623
