#Tuamotu
#Tikehau 584078
##UTM zone 6S
#Source Openstreet maps
#clockwise
368300.948010,8348112.510275
368304.549861,8348108.879358
368309.150950,8348103.494940
368311.673485,8348100.532913
368311.964172,8348098.532125
368310.378570,8348097.383907
368304.171872,8348095.491134
368293.522088,8348091.781681
368287.389830,8348090.044195
368283.908683,8348089.339108
368278.221896,8348088.743556
368272.025921,8348088.808972
368258.219636,8348089.894478
368248.256639,8348090.381639
368243.297902,8348090.398554
368236.189988,8348090.038542
368229.740993,8348089.173266
368225.733293,8348088.376764
368218.106939,8348086.454015
368206.538521,8348083.535987
368200.273843,8348082.406209
368193.480111,8348081.638588
368178.866256,8348080.927399
368168.875506,8348080.595717
368163.951234,8348080.214540
368159.136109,8348079.546327
368156.772425,8348079.057581
368154.452313,8348078.469510
368149.899848,8348076.984087
368145.402810,8348075.200270
368136.206999,8348071.155815
368113.971840,8348061.762382
368104.198148,8348057.183704
368099.017743,8348054.488945
368090.321666,8348049.551131
368076.708586,8348040.968592
368069.529348,8348035.994891
368062.545247,8348030.745691
368059.204177,8348028.050015
368047.746398,8348018.738140
368033.735067,8348006.314535
368014.988635,8347988.477118
367996.609155,8347970.420452
367986.908427,8347960.432346
367975.746312,8347950.181714
367968.090441,8347943.877792
367963.548402,8347940.511688
367957.074459,8347936.382629
367953.524896,8347934.438064
367947.613989,8347931.584351
367933.760478,8347925.655497
367926.766777,8347922.154144
367922.360600,8347919.507874
367913.895737,8347913.619853
367907.252407,8347909.003073
367899.941908,8347904.437918
367883.804403,8347895.288152
367858.250355,8347881.185420
367841.262126,8347872.218989
367832.659662,8347867.878987
367805.604792,8347854.818872
367796.176036,8347850.131334
367778.628852,8347841.106447
367765.138576,8347833.697061
367759.424380,8347830.291239
367743.495988,8347820.301743
367736.922923,8347816.603524
367733.747704,8347815.048198
367729.047177,8347813.119351
367719.748662,8347810.169384
367715.005910,8347808.096483
367710.128723,8347805.049296
367700.498974,8347797.816124
367696.009735,8347794.638327
367693.030210,8347792.707938
367686.618374,8347789.032723
367675.003194,8347782.939093
367668.483928,8347779.241152
367661.688382,8347774.933216
367648.317193,8347765.455645
367636.266345,8347756.461087
367630.394585,8347752.379518
367624.938443,8347748.997215
367621.957274,8347747.365508
367616.958118,8347744.981401
367607.748813,8347741.467670
367601.784702,8347738.525066
367599.221970,8347737.083744
367588.182288,8347730.019717
367571.521259,8347718.333401
367562.062635,8347711.289185
367557.232801,8347707.467819
367550.392100,8347701.610783
367544.401172,8347695.747393
367540.691173,8347691.710972
367533.178486,8347682.896395
367513.829670,8347659.357764
367502.038966,8347644.202502
367496.413251,8347636.493608
367490.757542,8347628.375216
367480.037887,8347612.108521
367467.673074,8347591.872154
367459.531104,8347578.230605
367457.375382,8347575.165268
367456.068581,8347574.184477
367454.536417,8347575.049951
367453.541748,8347577.909741
367452.428659,8347582.727017
367451.412969,8347585.498186
367449.858571,8347588.432311
367448.578467,8347590.394417
367445.718265,8347594.106767
367442.893090,8347597.321478
367441.733325,8347598.919173
367440.710008,8347601.126088
367440.269848,8347604.851865
367441.116420,8347613.175911
367441.520580,8347619.815931
367441.319195,8347623.155829
367440.699257,8347626.327460
367440.174817,8347627.795925
367439.511042,8347629.175112
367437.776002,8347631.709968
367435.590324,8347634.043189
367430.326911,8347638.582989
367421.573420,8347645.979793
367417.241323,8347649.385273
367413.105836,8347652.249758
367410.396988,8347653.883107
367404.842166,8347656.662274
367389.933453,8347662.608848
367384.552991,8347664.979648
367381.759259,8347666.402327
367377.571951,8347668.912504
367373.510764,8347671.954403
367371.575713,8347673.702673
367367.980165,8347678.118963
367366.603063,8347680.113716
367362.989756,8347685.791085
367360.268863,8347689.592704
367356.737723,8347694.031477
367347.990099,8347704.238283
367338.601918,8347715.514638
367334.017321,8347721.772948
367329.569291,8347728.618353
367326.648518,8347733.547282
367320.640594,8347744.311378
367305.291914,8347773.299624
367286.584619,8347808.575101
367265.530529,8347848.063585
367256.067952,8347864.970552
367251.192468,8347873.240694
367243.529916,8347885.599714
367235.318559,8347897.999934
367229.647802,8347906.143962
367218.310455,8347921.679756
367196.738605,8347949.781520
367192.423565,8347955.908551
367190.708943,8347958.631576
367188.741032,8347962.415238
367187.484487,8347965.937343
367187.130890,8347967.628012
367186.971024,8347969.297632
367187.146924,8347972.484745
367187.883977,8347975.343088
367188.638488,8347976.995664
367190.207990,8347979.095288
367191.386102,8347980.008998
367193.146572,8347980.649371
367195.039002,8347980.770518
367199.010648,8347980.305818
367202.862564,8347980.094901
367204.474418,8347980.380432
367206.166049,8347981.794829
367206.584299,8347983.954433
367206.249449,8347986.143040
367205.755781,8347987.877183
367204.173609,8347991.928501
367198.719472,8348003.669193
367196.001343,8348010.833955
367194.101279,8348017.892634
367193.391935,8348021.661165
367192.648967,8348027.608914
367192.302064,8348033.901816
367192.305378,8348037.176473
367192.405066,8348040.529107
367192.947343,8348047.468603
367193.918568,8348054.642804
367194.773324,8348059.548450
367197.008958,8348069.528608
367199.900218,8348079.600913
367201.658049,8348084.589017
367204.758288,8348091.896740
367208.516550,8348098.865167
367210.660126,8348102.184905
367213.008865,8348105.361964
367218.214274,8348111.287447
367223.960989,8348116.585346
367228.009302,8348119.749720
367230.773718,8348121.678970
367236.369545,8348125.095324
367239.544288,8348126.739216
367245.853762,8348129.484690
367252.070489,8348131.499492
367256.130974,8348132.473460
367258.795759,8348132.975031
367263.966141,8348133.590084
367266.761903,8348133.749430
367272.151275,8348133.668730
367277.241936,8348133.143852
367280.461053,8348132.608581
367286.492769,8348131.137512
367292.635361,8348129.069657
367296.365905,8348127.475178
367298.706468,8348126.315499
367303.023241,8348123.750734
367307.418621,8348120.589004
367313.110308,8348116.427740
367316.175083,8348114.630429
367320.616870,8348112.796510
367322.911274,8348112.200784
367326.344523,8348111.843703
367329.580050,8348112.226742
367331.083064,8348112.743982
367332.498741,8348113.493059
367335.025426,8348115.620110
367337.225625,8348118.431253
367338.547332,8348120.606931
367340.908637,8348125.399238
367346.005938,8348137.242775
367349.369714,8348143.589460
367351.951116,8348147.486887
367353.489114,8348149.453567
367356.193745,8348152.466640
367359.489712,8348155.527247
367361.406504,8348157.075637
367365.809912,8348160.219829
367368.339552,8348161.815871
367372.585673,8348164.229033
367380.814481,8348168.069291
367384.184933,8348169.338107
367388.211564,8348170.599501
367398.092860,8348173.220932
367405.407519,8348175.097965
367409.080124,8348176.191446
367414.478986,8348178.279107
367419.551487,8348181.028734
367422.851945,8348183.281759
367425.047541,8348184.986571
367429.500508,8348188.894370
367432.999197,8348192.254789
367437.878113,8348196.939356
367440.425592,8348199.199265
367444.398837,8348202.329993
367446.477899,8348203.713330
367448.579455,8348204.919785
367452.892397,8348206.923973
367457.197222,8348208.452408
367465.112331,8348210.675702
367471.490495,8348212.680276
367474.225984,8348214.011935
367476.787046,8348215.763020
367478.028796,8348216.843012
367481.835433,8348220.924223
367485.545391,8348224.982772
367487.610573,8348226.930239
367491.102812,8348229.516206
367493.054646,8348230.566945
367497.347740,8348232.272314
367502.051465,8348233.637008
367508.851147,8348235.278829
367512.417124,8348236.205758
367519.686516,8348238.491832
367523.346478,8348239.928176
367528.764361,8348242.469496
367534.006838,8348245.607241
367536.535394,8348247.402390
367538.976921,8348249.374064
367543.599623,8348253.714235
367547.919013,8348258.439927
367550.600758,8348261.707296
367555.534071,8348268.228586
367562.067064,8348277.236841
367565.239609,8348281.226020
367568.576008,8348284.762525
367570.352811,8348286.343308
367572.237910,8348287.791936
367576.224946,8348290.380631
367589.169089,8348297.388812
367595.567971,8348301.484362
367604.022338,8348307.339242
367608.330837,8348310.150970
367615.010976,8348313.960435
367619.623405,8348316.276012
367629.205114,8348320.566186
367644.368348,8348326.989224
367652.178804,8348330.638993
367660.062105,8348334.731680
367670.347421,8348340.165216
367675.260846,8348342.515636
367682.258870,8348345.253734
367686.682906,8348346.627903
367695.169558,8348348.599832
367713.438005,8348351.754315
367719.475518,8348353.126344
367727.307216,8348354.884440
367731.014699,8348355.513417
367740.904791,8348356.563807
367743.815589,8348357.321130
367745.189186,8348357.904004
367746.529596,8348358.652637
367749.079017,8348360.569569
367751.496917,8348362.928291
367756.027877,8348368.307824
367760.687545,8348373.754446
367763.608904,8348376.492092
367767.250615,8348379.289037
367769.447721,8348380.728311
367774.004804,8348383.331185
367776.622132,8348384.640028
367780.978461,8348386.589077
367788.481494,8348389.429502
367797.158290,8348392.033032
367801.938331,8348393.221077
367821.037415,8348397.895690
367829.876720,8348400.289910
367834.708404,8348401.865437
367839.388096,8348403.694570
367849.483781,8348408.418946
367862.346964,8348414.530421
367869.377051,8348417.312890
367876.528941,8348419.465443
367881.470699,8348420.587987
367892.432639,8348422.330138
367905.182051,8348423.728147
367911.912565,8348424.274234
367921.912876,8348424.849449
367934.486526,8348424.963171
367940.619465,8348424.643039
367949.983576,8348423.555287
367959.793086,8348421.673460
367979.977588,8348416.795561
367993.095264,8348413.836761
367999.555952,8348412.600200
368009.255447,8348411.160264
368018.962765,8348410.251387
368036.908767,8348409.476494
368046.699078,8348409.121211
368051.132545,8348408.791670
368057.602335,8348407.853844
368064.247946,8348406.242148
368078.266417,8348401.827967
368093.619858,8348397.199886
368102.216467,8348394.846666
368121.638751,8348389.687873
368131.970745,8348386.680441
368142.434067,8348383.264401
368149.504094,8348380.758926
368164.002021,8348375.218923
368186.491668,8348365.828832
368197.339425,8348360.965646
368211.015392,8348354.281603
368217.974098,8348350.503258
368229.305658,8348343.728840
368240.619967,8348336.179916
368246.473716,8348331.864453
368255.107562,8348324.699014
368260.546697,8348319.496228
368263.111002,8348316.766756
368266.748630,8348312.505452
368270.015404,8348307.224314
368270.984520,8348305.083447
368272.188292,8348301.350813
368272.728141,8348299.030573
368273.288135,8348295.006755
368273.884204,8348278.581595
368274.873081,8348268.951236
368275.676718,8348263.656524
368277.239835,8348255.224126
368279.235447,8348246.384783
368283.438619,8348229.282537
368286.508773,8348214.784897
368287.677902,8348207.578312
368289.916339,8348191.759601
368291.400865,8348183.924167
368293.344544,8348176.699725
368294.821048,8348172.271628
368297.908090,8348164.467150
368302.047726,8348154.986908
368303.685567,8348150.559700
368304.815986,8348146.472646
368305.214601,8348144.406076
368305.532592,8348141.354460
368305.452003,8348138.411278
368305.065431,8348136.340381
368303.878258,8348133.158779
368302.546503,8348130.839289
368299.299001,8348126.772363
368296.177218,8348123.314590
368295.034743,8348121.781611
368294.336311,8348119.697932
368294.970581,8348117.809666
368296.052822,8348116.609771
368298.862235,8348114.290976
368300.948010,8348112.510275