#Polynésie
#Rangiroa
#UTM zone 6S
#Source IGN
#clockwise413532.970035,8349498.870036
413537.209955,8349500.289948
413541.450018,8349501.700016
413545.410052,8349501.699949
413548.510031,8349498.590050
413550.779962,8349492.369984
413553.039962,8349489.819966
413556.429958,8349489.820050
413561.240024,8349492.369957
413568.300042,8349497.740039
413573.109979,8349506.219996
413576.779979,8349518.949963
413579.890043,8349533.380044
413587.240053,8349541.010030
413596.010023,8349547.800047
413618.620039,8349560.530054
413639.540048,8349572.969989
413647.180035,8349582.870040
413652.550023,8349598.420055
413657.069985,8349619.639982
413665.270032,8349639.999999
413674.880002,8349669.129982
413680.530044,8349687.230002
413681.949989,8349699.390015
413688.169970,8349716.359947
413692.969972,8349735.309955
413696.079978,8349742.660014
413700.040017,8349745.769961
413702.020015,8349759.630037
413704.559958,8349776.319995
413709.370014,8349795.829965
413714.169954,8349807.710032
413718.980010,8349821.289949
413722.369955,8349856.360039
413728.590017,8349890.300006
413733.119953,8349914.339953
413737.640041,8349933.000010
413747.529956,8349972.880040
413753.189964,8350003.710037
413755.730014,8350020.390028
413752.620023,8350035.099961
413749.170043,8350046.079960
413760.549977,8350055.979947
413778.359957,8350062.900023
413795.670000,8350060.929961
413816.449969,8350066.859978
413832.279960,8350060.429999
413846.139983,8350057.959998
413860.980021,8350060.430023
413874.340039,8350053.499996
413880.269969,8350047.069967
413885.709950,8350032.219964
413893.630039,8350027.270038
413899.570039,8350025.779977
413905.999989,8350021.829950
413911.929951,8350014.399958
413916.389981,8350006.479964
413920.340006,8349999.059993
413925.290044,8349992.129990
413935.679978,8349988.660000
413947.550008,8349986.679996
413954.969963,8349982.230000
413961.899956,8349978.270033
413974.760053,8349977.780015
413984.660008,8349982.729990
414001.479960,8349986.679991
414016.809970,8349987.179979
414025.719981,8349993.120030
414034.619948,8349991.140041
414037.100016,8349986.189991
414040.070053,8349974.310043
414042.540030,8349966.389958
414050.459948,8349962.429982
414056.889971,8349962.429962
414064.310027,8349965.399955
414070.740045,8349971.840019
414083.110048,8349988.169995
414092.010028,8349995.590006
414101.409997,8349997.570017
414113.780047,8349994.599958
414126.149992,8349989.650002
414132.579980,8349981.240051
414136.539998,8349976.289995
414140.490045,8349971.839990
414148.410011,8349970.350005
414158.800030,8349971.340007
414169.679968,8349972.329992
414181.559995,8349974.809997
414191.939981,8349973.319972
414201.840014,8349972.829945
414212.719952,8349972.830022
414219.649967,8349976.290001
414226.080028,8349982.730021
414233.500037,8349986.680005
414247.350038,8349988.659981
414257.739949,8349983.710052
414260.220036,8349975.800050
414269.119960,8349967.879978
414279.999978,8349957.980030
414296.329958,8349950.060020
414383.900028,8349916.399977
414439.799989,8349898.590040
414460.079957,8349894.130021
414473.439978,8349894.129998
414478.389965,8349896.609970
414486.799998,8349900.570051
414498.180030,8349900.570017
414522.420002,8349890.170054
414560.999958,8349878.790026
414586.239955,8349877.300022
414644.610005,8349862.950049
414807.870025,8349827.810053
414869.709956,8349814.939973
414912.259970,8349804.050046
414955.299953,8349791.679998
414995.369997,8349777.819967
415016.640031,8349766.930008
415041.380047,8349750.599955
415068.589974,8349730.800049
415085.900001,8349719.420000
415133.389952,8349700.609990
415176.430018,8349679.330023
415212.049974,8349662.500021
415232.829971,8349653.590019
415247.670036,8349651.120044
415264.989969,8349647.650042
415284.280048,8349642.700018
415310.500035,8349629.339958
415353.049970,8349605.089951
415368.390005,8349594.199948
415384.710002,8349575.389995
415402.030011,8349566.979978
415416.869980,8349556.089947
415432.700018,8349536.789980
415461.890034,8349512.040032
415517.789960,8349478.879945
415567.260015,8349443.239965
415612.279997,8349413.550054
415628.609963,8349402.159983
415665.220003,8349383.360031
415693.419951,8349370.490051
415728.539975,8349356.629981
415791.370002,8349329.900037
415821.549966,8349317.030027
415865.580010,8349292.290035
415878.440044,8349282.389956
415903.669984,8349267.050009
415923.950018,8349260.119994
415934.839966,8349253.190029
415940.280029,8349240.809973
415947.210035,8349215.080046
415956.609965,8349187.360001
415963.530041,8349165.090045
415972.439989,8349147.270006
415980.350007,8349137.870048
416001.129989,8349125.989978
416017.950041,8349119.060014
416030.320032,8349118.069986
416039.719949,8349120.549997
416044.170016,8349124.010034
416049.609967,8349133.909958
416049.119969,8349155.690033
416054.559959,8349162.610012
416059.510003,8349163.600017
416066.929968,8349161.130054
416085.230001,8349141.829954
416103.539996,8349120.050019
416110.959998,8349106.190001
416125.010005,8349088.100014
416134.339960,8349068.299965
416140.000046,8349048.220020
416148.479949,8349022.759960
416156.109947,8348998.440002
416163.179955,8348971.010045
416165.160011,8348942.439949
416165.440006,8348912.459978
416162.899965,8348884.459955
416161.480008,8348857.029982
416156.960041,8348834.410030
416156.960029,8348815.459955
416151.300022,8348765.400055
416143.950004,8348729.200034
416130.950046,8348701.200033
416118.790021,8348687.900047
416105.790035,8348670.649952
416100.139983,8348658.769966
416097.879972,8348648.309995
416086.279980,8348620.310009
416077.799994,8348601.079949
416071.580002,8348591.180049
416063.270051,8348584.760029
416057.609973,8348582.209966
416047.149962,8348580.519994
416029.909997,8348579.669989
416007.580053,8348577.410008
415977.609970,8348572.319969
415953.299981,8348570.049991
415935.770046,8348571.470027
415927.010042,8348574.010004
415916.269979,8348575.990053
415906.090031,8348577.969966
415891.950044,8348580.519984
415876.689974,8348580.520046
415863.119998,8348585.330021
415843.900004,8348596.070036
415826.650047,8348603.429967
415802.060003,8348612.479992
415778.309986,8348624.070000
415770.960019,8348630.579966
415763.610011,8348637.649970
415757.110038,8348643.019950
415747.210044,8348647.549999
415737.599953,8348649.529970
415725.730037,8348653.490041
415698.869956,8348665.649956
415666.079978,8348680.919970
415651.660034,8348688.839959
415644.030023,8348692.800016
415635.829970,8348695.060021
415633.569998,8348698.450004
415633.570037,8348702.979989
415630.460047,8348710.619980
415625.940011,8348717.119980
415615.759980,8348727.019974
415600.209984,8348736.639958
415588.619987,8348742.569996
415579.569983,8348746.250033
415570.250038,8348746.819969
415560.069960,8348749.080036
415544.800038,8348755.579993
415529.539961,8348764.070036
415520.209952,8348771.990014
415507.490023,8348781.319954
415491.089953,8348788.389973
415474.410027,8348795.459987
415454.059976,8348801.970023
415434.830024,8348807.910028
415417.020020,8348812.429997
415394.690031,8348817.240029
415370.940011,8348831.660050
415364.440025,8348836.749966
415359.069952,8348846.369995
415354.269996,8348854.290020
415348.889989,8348860.790026
415334.480020,8348869.840015
415325.999985,8348877.759945
415316.379951,8348883.419967
415290.940024,8348895.580052
415281.609966,8348902.929947
415270.019985,8348919.339991
415267.190024,8348925.280016
415262.390025,8348931.499993
415245.990039,8348943.380027
415219.419998,8348958.080053
415189.740038,8348973.639998
415158.919986,8348992.870028
415131.499957,8349006.449963
415115.099983,8349014.929959
415105.489993,8349022.850008
415100.969992,8349034.159984
415094.470028,8349043.210046
415088.810010,8349048.299999
415078.639962,8349053.680004
415066.199999,8349061.310023
415048.109983,8349068.099981
415028.029961,8349073.760007
415014.179958,8349078.850041
414997.499960,8349087.049996
414984.219973,8349093.560006
414959.620028,8349101.189988
414930.500051,8349108.829971
414905.629998,8349114.769967
414881.600049,8349119.010020
414851.629978,8349127.210021
414827.040023,8349134.849973
414811.489965,8349146.159991
414802.720015,8349154.080043
414801.029979,8349162.279951
414801.310019,8349170.770051
414802.719990,8349181.800012
414803.859990,8349198.479969
414805.270004,8349216.020029
414804.990041,8349225.350020
414801.879971,8349231.289995
414793.109954,8349240.909966
414784.630039,8349247.409983
414769.080020,8349254.759982
414753.819966,8349260.990039
414738.839995,8349266.640028
414720.459955,8349270.599973
414697.559996,8349272.299970
414675.229988,8349271.729958
414654.590049,8349268.060014
414637.909997,8349262.399963
414626.599975,8349255.889974
414614.450052,8349249.960029
414605.119950,8349246.560054
414599.179988,8349246.000040
414591.549986,8349246.000003
414587.309961,8349245.150052
414582.499956,8349242.600023
414575.719958,8349240.909952
414568.650045,8349242.879961
414559.890044,8349247.409964
414555.080038,8349253.350031
414553.100014,8349260.989955
414550.279953,8349270.600019
414538.689960,8349283.330040
414529.360032,8349289.269989
414517.200026,8349295.489962
414497.409973,8349299.729974
414479.889973,8349301.429972
414462.639984,8349301.430005
414454.729951,8349303.969959
414447.659965,8349305.109993
414434.650034,8349305.110019
414425.040004,8349306.239963
414409.779993,8349312.179997
414397.900044,8349318.119952
414382.640004,8349321.509973
414365.679976,8349324.899982
414348.150020,8349328.860036
414332.039962,8349328.859965
414303.199956,8349331.129988
414275.780004,8349334.800026
414246.659984,8349337.350049
414220.090045,8349338.760009
414199.450012,8349339.610045
414180.230038,8349340.179995
414171.179976,8349339.610043
414161.849948,8349340.179961
414148.850013,8349343.290017
414133.579951,8349345.829995
414109.269969,8349347.250048
414086.649989,8349350.639999
414068.559996,8349354.880017
414047.929973,8349359.970038
414027.290040,8349361.949965
414006.929950,8349364.499994
413992.229965,8349366.480010
413978.660031,8349366.189957
413968.200052,8349364.780049
413956.330042,8349361.100008
413940.220052,8349358.559964
413913.929962,8349356.010037
413887.919976,8349353.750015
413865.590031,8349356.300021
413847.490017,8349358.559947
413837.030034,8349363.929994
413830.529955,8349370.999960
413829.119966,8349374.959972
413828.840006,8349380.899965
413827.700029,8349389.949996
413823.460044,8349396.459987
413811.309947,8349403.530054
413797.739983,8349409.180016
413782.760002,8349415.690004
413759.570005,8349424.169963
413747.700045,8349426.440002
413733.280020,8349428.699952
413719.999986,8349427.849983
413709.249979,8349428.420025
413694.840053,8349432.380026
413670.239949,8349437.470004
413647.339958,8349445.950018
413630.380001,8349450.479953
413617.380029,8349453.589949
413608.329975,8349457.829975
413598.160007,8349458.960003
413583.740037,8349457.829969
413570.450036,8349458.959995
413557.450053,8349463.199998
413547.550020,8349471.119957
413538.510047,8349480.450040
413529.739989,8349487.529976
