#Wallis et Futuna
#Futuna 73806
##WGS 1984 EPSG:3857
#Source OpenStreetmap
#clockwise
-19830786.389726,-1609523.849622
-19830792.768333,-1609520.977552
-19830857.055338,-1609508.581704
-19830942.114561,-1609511.867350
-19830993.622090,-1609562.680033
-19831059.645680,-1609572.628899
-19831070.699705,-1609563.564632
-19831100.511065,-1609539.152014
-19831120.292538,-1609501.240700
-19831124.567207,-1609495.852702
-19831153.465747,-1609459.388971
-19831174.894749,-1609442.662085
-19831233.871815,-1609439.583236
-19831297.179209,-1609430.587945
-19831341.762665,-1609415.687705
-19831387.147622,-1609392.906554
-19831439.879664,-1609407.599992
-19831488.259115,-1609365.208470
-19831510.233583,-1609318.083884
-19831572.928720,-1609291.270469
-19831612.291292,-1609207.912405
-19831696.860709,-1609176.377486
-19831720.070823,-1609167.715442
-19831968.658378,-1609100.119432
-19832119.273649,-1609070.859283
-19832165.315390,-1609026.285583
-19832191.909616,-1608985.882117
-19832340.944151,-1608884.603762
-19832404.006642,-1608810.230596
-19832462.649750,-1608757.558348
-19832495.399944,-1608685.598007
-19832555.033795,-1608574.142588
-19832557.816783,-1608574.579126
-19832579.991625,-1608578.105898
-19832587.839649,-1608562.918955
-19832606.396608,-1608562.482416
-19832625.064887,-1608582.138137
-19832626.478645,-1608584.171488
-19832630.931424,-1608590.627666
-19832638.634733,-1608588.904487
-19832639.781324,-1608580.610251
-19832625.220734,-1608562.379026
-19832601.053273,-1608547.938801
-19832603.168343,-1608531.591604
-19832563.182382,-1608523.377802
-19832535.174398,-1608499.161460
-19832504.594934,-1608462.974844
-19832479.603708,-1608407.350945
-19832485.904392,-1608359.791572
-19832518.565530,-1608305.213279
-19832556.636796,-1608268.211307
-19832567.356863,-1608276.700733
-19832586.169857,-1608273.587560
-19832588.997372,-1608252.059577
-19832596.878792,-1608237.366797
-19832602.344579,-1608239.296732
-19832605.383601,-1608249.382940
-19832605.272282,-1608265.557643
-19832603.134947,-1608277.550825
-19832606.129442,-1608297.056987
-19832616.749321,-1608324.524171
-19832626.055631,-1608333.048079
-19832633.914787,-1608333.128493
-19832639.135671,-1608298.998414
-19832634.872134,-1608277.056852
-19832610.626749,-1608230.393760
-19832609.057144,-1608226.292651
-19832620.244753,-1608203.765278
-19832685.210808,-1608218.526966
-19832706.539622,-1608209.624001
-19832712.083333,-1608201.961711
-19832725.397144,-1608225.051979
-19832741.894693,-1608218.193822
-19832715.322730,-1608160.135064
-19832699.470835,-1608167.199983
-19832707.741873,-1608188.452190
-19832675.470353,-1608174.276392
-19832651.681377,-1608154.425691
-19832642.486387,-1608137.492872
-19832638.601337,-1608135.000050
-19832565.898578,-1608088.256801
-19832557.527352,-1608008.004273
-19832557.638672,-1608006.177744
-19832557.972630,-1608000.537332
-19832559.542235,-1607991.427666
-19832584.622516,-1607984.569571
-19832589.030768,-1607982.926846
-19832592.759971,-1607976.206604
-19832594.997493,-1607965.902238
-19832595.298055,-1607959.182002
-19832596.422382,-1607945.902360
-19832596.121819,-1607942.168898
-19832593.884298,-1607940.445761
-19832587.160600,-1607936.344698
-19832585.446280,-1607927.384393
-19832585.602128,-1607899.768293
-19832590.522449,-1607884.087784
-19832603.357586,-1607831.693126
-19832638.634733,-1607783.882088
-19832679.422194,-1607762.710625
-19832768.967593,-1607766.949511
-19832820.987191,-1607785.903888
-19832875.144123,-1607799.493611
-19832970.945677,-1607818.999413
-19833010.786923,-1607820.699566
-19833057.062435,-1607819.010900
-19833102.870405,-1607797.942797
-19833164.496876,-1607767.075874
-19833341.194303,-1607643.045666
-19833421.511316,-1607527.011276
-19833481.712897,-1607489.125890
-19833640.454490,-1607427.783388
-19833653.935281,-1607433.010131
-19833653.701510,-1607450.781066
-19833660.336151,-1607447.162549
-19833667.304752,-1607434.629848
-19833666.503251,-1607421.901868
-19833672.904122,-1607412.861330
-19833684.848703,-1607412.953229
-19833689.590914,-1607401.373993
-19833679.182541,-1607389.220396
-19833680.997049,-1607369.691944
-19833670.889239,-1607356.734250
-19833629.745555,-1607311.141138
-19833629.667632,-1607309.647790
-19833627.240867,-1607261.240379
-19833620.828864,-1607255.347409
-19833613.804604,-1607248.880078
-19833632.673258,-1607187.767891
-19833620.461510,-1607179.669388
-19833640.732789,-1607111.240014
-19833687.164149,-1607028.796472
-19833763.751958,-1606664.770653
-19833743.625394,-1606623.647200
-19833749.803626,-1606560.951291
-19833864.340250,-1606286.885341
-19833893.472561,-1606239.984619
-19833909.814262,-1606213.668332
-19833930.297049,-1606153.052524
-19833970.550176,-1606140.807619
-19833989.953164,-1606134.903418
-19834021.156017,-1606115.835384
-19834013.307993,-1606095.963291
-19833970.004711,-1606059.366517
-19833947.495910,-1606022.873176
-19833971.385073,-1605880.805789
-19834008.165032,-1605805.625716
-19834014.031570,-1605796.803989
-19834024.317491,-1605781.331514
-19834034.169265,-1605775.955779
-19834043.876325,-1605772.371956
-19834049.542487,-1605768.489482
-19834053.872815,-1605762.068468
-19834055.965622,-1605752.063636
-19834053.572253,-1605737.429710
-19834053.572253,-1605724.300535
-19834062.455548,-1605694.492853
-19834163.611569,-1605521.252891
-19834280.352319,-1605327.235160
-19834329.087992,-1605206.903777
-19834335.655842,-1605154.836161
-19834453.955065,-1604894.671946
-19834472.634476,-1604865.577364
-19834487.785058,-1604850.197336
-19834492.193310,-1604845.499480
-19834501.154529,-1604831.830906
-19834508.022942,-1604819.299473
-19834515.203049,-1604789.446888
-19834517.563022,-1604784.186221
-19834528.772895,-1604759.157864
-19834526.802540,-1604633.867124
-19834549.322473,-1604507.336497
-19834699.681709,-1604197.042737
-19834799.056619,-1603862.276524
-19834826.240838,-1603785.230140
-19834859.959512,-1603710.538553
-19834878.850430,-1603678.906966
-19834903.374113,-1603659.002287
-19834968.173189,-1603626.394482
-19834993.609693,-1603585.252887
-19835005.732385,-1603515.983083
-19835020.960892,-1603485.649607
-19835039.272948,-1603460.748846
-19835076.130831,-1603430.851886
-19835088.554086,-1603429.025680
-19835094.754582,-1603417.333372
-19835097.426250,-1603407.880753
-19835102.046009,-1603391.548289
-19835100.609987,-1603369.473063
-19835086.561468,-1603339.610665
-19835081.607750,-1603285.077420
-19835081.930577,-1603228.270164
-19835090.702553,-1603192.194291
-19835093.429880,-1603144.747874
-19835079.782111,-1603093.281647
-19835056.828032,-1603042.343850
-19834999.654341,-1602918.945012
-19834928.632506,-1602813.291541
-19834900.869425,-1602762.595486
-19834888.813524,-1602703.974706
-19834876.201026,-1602681.360260
-19834871.336364,-1602653.209953
-19834890.616900,-1602639.944519
-19834906.836150,-1602622.624811
-19834911.622888,-1602560.306118
-19834912.224013,-1602541.091409
-19834919.827134,-1602530.490593
-19834920.027509,-1602515.088981
-19834926.172345,-1602484.308755
-19834949.861133,-1602471.031923
-19834971.857864,-1602474.787566
-19834983.379432,-1602477.509546
-19834988.221829,-1602466.908755
-19834976.711394,-1602451.759854
-19834976.410831,-1602441.756301
-19834968.829974,-1602429.329390
-19834952.777703,-1602435.094925
-19834951.107911,-1602434.819282
-19834945.497409,-1602433.877501
-19834917.266786,-1602370.054713
-19834860.950256,-1602285.914996
-19834837.584294,-1602251.023395
-19834797.409090,-1602155.467965
-19834784.663008,-1602091.508043
-19834773.341816,-1602069.996688
-19834767.709050,-1602031.211978
-19834766.273029,-1602021.334922
-19834752.380356,-1601992.117233
-19834686.757516,-1601931.626156
-19834615.123424,-1601883.653743
-19834577.208005,-1601865.599508
-19834532.502098,-1601849.348411
-19834496.134020,-1601848.418136
-19834420.414503,-1601861.832468
-19834338.572413,-1601880.013034
-19834306.746171,-1601890.131219
-19834238.729962,-1601913.457039
-19834142.616713,-1601946.659904
-19834007.953525,-1602011.032926
-19833915.780987,-1602061.072869
-19833874.603907,-1602092.874755
-19833823.730900,-1602136.942656
-19833774.728060,-1602182.239529
-19833708.982769,-1602235.472643
-19833666.013446,-1602273.040242
-19833603.106801,-1602354.067457
-19833559.091075,-1602377.416665
-19833513.617063,-1602394.173438
-19833490.752039,-1602412.595564
-19833485.553419,-1602415.753973
-19833452.892280,-1602435.611756
-19833416.312696,-1602482.758260
-19833398.011771,-1602503.064015
-19833372.541872,-1602507.692535
-19833340.058845,-1602535.015751
-19833237.756232,-1602606.017198
-19833196.256326,-1602630.078716
-19833162.905007,-1602660.055149
-19833112.054263,-1602684.357907
-19833055.715469,-1602690.571423
-19833029.054451,-1602701.918846
-19832954.704163,-1602718.790682
-19832899.823654,-1602726.072335
-19832852.768906,-1602755.279366
-19832804.667754,-1602766.087010
-19832764.592737,-1602759.540403
-19832735.271183,-1602727.622845
-19832701.719488,-1602677.845776
-19832660.052603,-1602655.219868
-19832647.362181,-1602640.289076
-19832641.918658,-1602629.205840
-19832667.254974,-1602615.400613
-19832656.089629,-1602590.156133
-19832633.091022,-1602574.800427
-19832612.162958,-1602577.740636
-19832593.962221,-1602575.259835
-19832590.132831,-1602589.294743
-19832572.510955,-1602576.626572
-19832579.824646,-1602564.877223
-19832570.919087,-1602526.884249
-19832543.133742,-1602496.161435
-19832539.437935,-1602505.694117
-19832522.172282,-1602507.991150
-19832520.736260,-1602536.531795
-19832536.766267,-1602563.476030
-19832548.209911,-1602581.002431
-19832521.626816,-1602600.171229
-19832459.811103,-1602623.566599
-19832415.138591,-1602633.742500
-19832369.775899,-1602631.571794
-19832341.022074,-1602627.517513
-19832286.419864,-1602619.213703
-19832258.500936,-1602599.619939
-19832225.839797,-1602591.350594
-19832213.739369,-1602561.351270
-19832185.497614,-1602514.951159
-19832175.579047,-1602544.089041
-19832166.417453,-1602499.871141
-19832148.617467,-1602476.579249
-19832148.806710,-1602503.546392
-19832157.701137,-1602532.684261
-19832146.591452,-1602561.558004
-19832135.871385,-1602596.633786
-19832138.743428,-1602624.761061
-19832136.773073,-1602639.691844
-19832099.837266,-1602652.176282
-19832095.506937,-1602669.197394
-19832112.460896,-1602676.272299
-19832130.472390,-1602679.522621
-19832127.934305,-1602716.551057
-19832122.145692,-1602764.364218
-19832104.312309,-1602743.633303
-19832085.232148,-1602752.350622
-19832063.591639,-1602744.919653
-19832068.478565,-1602767.189596
-19832086.545718,-1602795.340027
-19832105.392108,-1602800.485437
-19832122.769081,-1602798.900467
-19832142.450367,-1602836.767501
-19832092.078297,-1603012.654110
-19831985.389697,-1603133.733335
-19831931.900682,-1603338.967475
-19831918.520079,-1603348.787606
-19831823.375310,-1603418.585298
-19831819.145170,-1603421.686401
-19831720.616288,-1603419.837225
-19831621.486282,-1603423.236953
-19831509.754909,-1603456.143127
-19831450.276905,-1603450.584106
-19831361.176784,-1603403.768922
-19831271.063657,-1603391.709087
-19831181.317883,-1603397.141755
-19831016.509377,-1603460.679933
-19830945.465278,-1603488.061582
-19830756.711949,-1603551.956037
-19830608.657027,-1603620.571254
-19830531.056210,-1603665.089695
-19830456.828373,-1603707.069873
-19830368.930503,-1603803.159369
-19830362.351521,-1603811.773673
-19830323.723658,-1603862.391381
-19830290.160832,-1603906.703493
-19830230.393397,-1603949.396183
-19830155.920658,-1603928.710262
-19830061.933612,-1603921.095183
-19830056.701596,-1603885.879778
-19830044.233813,-1603855.189809
-19830027.057215,-1603847.356522
-19830009.401944,-1603845.897831
-19830005.093880,-1603849.251672
-19829991.167811,-1603818.791461
-19829977.419854,-1603809.890012
-19829959.241381,-1603808.615094
-19829958.061395,-1603815.219395
-19829961.545695,-1603832.999330
-19829952.428628,-1603846.874120
-19829930.676800,-1603854.259462
-19829924.776867,-1603843.922281
-19829916.862051,-1603842.279818
-19829908.913840,-1603847.161264
-19829901.032420,-1603867.433632
-19829892.238180,-1603879.999062
-19829877.221181,-1603881.630042
-19829862.215313,-1603886.890526
-19829843.958917,-1603900.110655
-19829811.230986,-1603917.856191
-19829788.076532,-1603904.555652
-19829768.539962,-1603900.753859
-19829737.648803,-1603908.598648
-19829723.110477,-1603927.906257
-19829726.249687,-1603945.697755
-19829714.004543,-1603946.306502
-19829696.427196,-1603921.462728
-19829679.462105,-1603916.604240
-19829664.912648,-1603938.427245
-19829671.179935,-1603972.804257
-19829635.212608,-1603960.399583
-19829541.793291,-1603971.540818
-19829475.803097,-1604002.403212
-19829426.065548,-1604044.154220
-19829390.955381,-1604096.116229
-19829380.335501,-1604139.716616
-19829368.635823,-1604232.890292
-19829325.844611,-1604282.980470
-19829294.274403,-1604310.271101
-19829256.659547,-1604320.172002
-19829214.257953,-1604314.555365
-19829192.762159,-1604321.217224
-19829137.825991,-1604329.774271
-19829135.443754,-1604346.888373
-19829146.208348,-1604362.015410
-19829172.802575,-1604388.329814
-19829181.051349,-1604403.939288
-19829173.225589,-1604422.489190
-19829146.920793,-1604448.493533
-19829119.424879,-1604452.984569
-19828990.728416,-1604491.945195
-19828978.527799,-1604491.669530
-19828975.934055,-1604478.345725
-19828952.913185,-1604477.794395
-19828947.324946,-1604493.817420
-19828936.170733,-1604511.471475
-19828916.778878,-1604513.573422
-19828895.683834,-1604517.742859
-19828896.017793,-1604505.487243
-19828891.197659,-1604495.391008
-19828880.867210,-1604494.414694
-19828877.438570,-1604504.752136
-19828877.794792,-1604520.913010
-19828860.651591,-1604521.705548
-19828857.935395,-1604507.485815
-19828843.597445,-1604505.131175
-19828845.768175,-1604499.043570
-19828848.050224,-1604486.190689
-19828845.768175,-1604474.888428
-19828834.335663,-1604477.668049
-19828826.921785,-1604498.630073
-19828816.379829,-1604484.548185
-19828783.195489,-1604492.427609
-19828760.953855,-1604482.997570
-19828739.435797,-1604478.518015
-19828730.908724,-1604491.474268
-19828729.584022,-1604476.875512
-19828721.569019,-1604482.354352
-19828713.609675,-1604494.518069
-19828722.381651,-1604504.419040
-19828705.694859,-1604507.945257
-19828697.345898,-1604514.503792
-19828703.468470,-1604521.900811
-19828722.615422,-1604532.043000
-19828710.114243,-1604533.191606
-19828695.965536,-1604525.863501
-19828695.074980,-1604530.779534
-19828700.106621,-1604537.016465
-19828715.323995,-1604540.129188
-19828712.975154,-1604549.582220
-19828696.511001,-1604544.114852
-19828694.651966,-1604550.880146
-19828705.149394,-1604559.023770
-19828703.835824,-1604575.414400
-19828718.585656,-1604611.871241
-19828729.595154,-1604617.154846
-19828766.764732,-1604650.326718
-19828786.768845,-1604672.770592
-19828792.780097,-1604715.119960
-19828772.386366,-1604763.993538
-19828743.510090,-1604817.921130
-19828660.231979,-1604896.773924
-19828513.958168,-1605010.384395
-19828379.384036,-1605116.678579
-19828275.266916,-1605227.866392
-19828217.737003,-1605281.105767
-19828075.370507,-1605453.333311
-19828031.332516,-1605518.461672
-19827987.762067,-1605561.421210
-19827931.011391,-1605577.467880
-19827916.918343,-1605581.453704
-19827918.220782,-1605554.379976
-19827910.996147,-1605538.873187
-19827899.507975,-1605523.240056
-19827890.602416,-1605521.723838
-19827871.577915,-1605519.392079
-19827871.132637,-1605524.526544
-19827848.044975,-1605523.159650
-19827848.724023,-1605529.557632
-19827851.818705,-1605533.554935
-19827846.675745,-1605536.334669
-19827848.434593,-1605544.421171
-19827866.646461,-1605556.355657
-19827892.294472,-1605558.377283
-19827888.799040,-1605562.765133
-19827873.559402,-1605565.234734
-19827856.082242,-1605570.403668
-19827869.563032,-1605573.137460
-19827865.511003,-1605576.721256
-19827853.588685,-1605581.097622
-19827860.379174,-1605599.659854
-19827883.433441,-1605607.620023
-19827903.493213,-1605628.870126
-19827905.897714,-1605631.408653
-19827910.294834,-1605649.649298
-19827907.556374,-1605666.557515
-19827870.486984,-1605739.336485
-19827845.974432,-1605757.370447
-19827821.139054,-1605763.665107
-19827819.547185,-1605777.449039
-19827825.191083,-1605792.128934
-19827801.179469,-1605816.434632
-19827731.972141,-1605855.305419
-19827533.522885,-1605964.784888
-19827500.516656,-1605987.103548
-19827458.949958,-1606009.318848
-19827328.216348,-1606084.154910
-19827257.350361,-1606109.701453
-19827171.767936,-1606173.476026
-19827077.001654,-1606278.040477
-19827011.968807,-1606337.921419
-19826967.875157,-1606359.620110
-19826943.985994,-1606365.547336
-19826934.802136,-1606365.007453
-19826925.618278,-1606360.286348
-19826915.020662,-1606361.607339
-19826909.432424,-1606373.232056
-19826907.829423,-1606384.408790
-19826901.461948,-1606395.597017
-19826867.119886,-1606440.051309
-19826757.225284,-1606522.286209
-19826728.849946,-1606525.651884
-19826716.538010,-1606542.824873
-19826706.574916,-1606562.364188
-19826688.574554,-1606574.207248
-19826653.130428,-1606597.525801
-19826579.325606,-1606656.706775
-19826508.559806,-1606724.905205
-19826417.199900,-1606829.586757
-19826273.976243,-1607036.274620
-19826186.690630,-1607195.521779
-19826127.390737,-1607294.300770
-19826005.206464,-1607382.052303
-19825858.543035,-1607510.354565
-19825746.455440,-1607599.921845
-19825736.325366,-1607597.716260
-19825727.597918,-1607598.095345
-19825718.491984,-1607582.621792
-19825695.894127,-1607572.317583
-19825671.481763,-1607591.317767
-19825651.856137,-1607609.111785
-19825659.225487,-1607645.906039
-19825141.556459,-1607971.278429
-19825041.970042,-1608033.874371
-19824971.371221,-1608078.251068
-19824941.793633,-1608108.647370
-19824913.440558,-1608140.835782
-19824884.887109,-1608178.641710
-19824854.741791,-1608212.702704
-19824831.976955,-1608247.579370
-19824830.463010,-1608249.888400
-19824798.269413,-1608279.790931
-19824721.247457,-1608323.329446
-19824655.157076,-1608350.210782
-19824621.516326,-1608358.309651
-19824587.363506,-1608363.042609
-19824502.293151,-1608365.994964
-19824414.439809,-1608383.674638
-19824355.139916,-1608388.189332
-19824235.282220,-1608390.831520
-19824169.303158,-1608375.908905
-19824164.416232,-1608343.731688
-19824169.058255,-1608313.438499
-19824153.573714,-1608281.916160
-19824137.677291,-1608268.326184
-19824115.880935,-1608261.433553
-19824097.468691,-1608258.929231
-19824095.598523,-1608271.393405
-19824107.621028,-1608282.927080
-19824106.452174,-1608287.866803
-19824092.303466,-1608275.689813
-19824086.058443,-1608278.125211
-19824094.841551,-1608294.024226
-19824109.257425,-1608319.527002
-19824106.630285,-1608342.858618
-19824120.656541,-1608356.161440
-19824136.263533,-1608372.611916
-19824140.638389,-1608383.077273
-19824090.477827,-1608420.986946
-19824043.946280,-1608457.816820
-19823952.697693,-1608493.532428
-19823859.222717,-1608524.894196
-19823780.775871,-1608561.287680
-19823735.635818,-1608569.133883
-19823708.217827,-1608572.040310
-19823679.842489,-1608572.798509
-19823666.250379,-1608566.916727
-19823661.274398,-1608564.768499
-19823643.196113,-1608554.762582
-19823618.906200,-1608533.820245
-19823612.650044,-1608508.995038
-19823615.243789,-1608505.950764
-19823625.629897,-1608493.773672
-19823621.366361,-1608482.561562
-19823587.469576,-1608485.582858
-19823555.409562,-1608493.222257
-19823547.004941,-1608521.045772
-19823518.095269,-1608537.140230
-19823446.728343,-1608566.997142
-19823385.224325,-1608595.659351
-19823352.373943,-1608608.801472
-19823336.254881,-1608599.840934
-19823322.762958,-1608589.157220
-19823258.164258,-1608605.883553
-19823252.653943,-1608607.308049
-19823236.534881,-1608604.321203
-19823215.629081,-1608590.581715
-19823200.612081,-1608584.826296
-19823185.172068,-1608593.568559
-19823169.921298,-1608590.053273
-19823155.616743,-1608596.555404
-19823143.371599,-1608605.515941
-19823115.608518,-1608610.892265
-19823077.826683,-1608610.386799
-19823063.922878,-1608602.333802
-19823032.797949,-1608595.050494
-19823000.270394,-1608600.518719
-19822998.255511,-1608620.656959
-19822984.919436,-1608633.971411
-19822981.190233,-1608637.704973
-19822963.568358,-1608653.558258
-19822941.827661,-1608667.366707
-19822878.965545,-1608684.701950
-19822816.403991,-1608746.093389
-19822785.846790,-1608767.828566
-19822755.011292,-1608776.053934
-19822678.200843,-1608844.212007
-19822634.574734,-1608892.668336
-19822571.222812,-1608931.716069
-19822564.053837,-1608938.976496
-19822549.571171,-1608953.669675
-19822396.373288,-1609108.965263
-19822325.485036,-1609154.056071
-19822287.180000,-1609176.871475
-19822265.628546,-1609189.692225
-19822196.343295,-1609249.947537
-19822069.027193,-1609327.366341
-19822004.751319,-1609356.718686
-19821931.180268,-1609387.598997
-19821890.392807,-1609379.947845
-19821885.205318,-1609367.207418
-19821863.564809,-1609359.958360
-19821841.534682,-1609360.555746
-19821833.842505,-1609338.417983
-19821815.018379,-1609333.926099
-19821806.179612,-1609352.387633
-19821808.116571,-1609373.755698
-19821736.860965,-1609388.908654
-19821645.233892,-1609376.420964
-19821594.015794,-1609369.447619
-19821461.445413,-1609357.258631
-19821369.005707,-1609368.252845
-19821299.620269,-1609413.516430
-19821189.914911,-1609424.200486
-19821027.366190,-1609365.082100
-19820873.077376,-1609399.799488
-19820879.032969,-1609467.694977
-19820857.893397,-1609541.369253
-19820888.650973,-1609577.327614
-19820920.722118,-1609589.528194
-19820949.843297,-1609600.614414
-19821022.802091,-1609639.318569
-19821059.103377,-1609634.252216
-19821090.317362,-1609644.913386
-19821097.219171,-1609650.404809
-19821126.997135,-1609674.070790
-19821267.059318,-1609724.872304
-19821369.384194,-1609737.463558
-19821408.390543,-1609762.140597
-19821421.971521,-1609766.977207
-19821536.029471,-1609901.690383
-19821540.727154,-1609902.885182
-19821539.658487,-1609922.162803
-19821539.346792,-1609927.849590
-19821543.554669,-1609942.118259
-19821558.961287,-1609948.563289
-19821843.115419,-1609986.750984
-19821880.886122,-1609997.113599
-19821938.928105,-1610017.436744
-19821962.338593,-1610025.628045
-19822050.637214,-1610049.604560
-19822062.492739,-1610058.209457
-19822077.298232,-1610049.845819
-19822108.055807,-1610052.028636
-19822127.725961,-1610061.610058
-19822173.979209,-1610079.371313
-19822173.289028,-1610105.140090
-19822196.911024,-1610110.999245
-19822230.618566,-1610110.941802
-19822239.435070,-1610092.789915
-19822243.275592,-1610084.897295
-19822303.143214,-1610072.662015
-19822387.345277,-1610079.198985
-19822450.318713,-1610082.243445
-19822512.535177,-1610072.960717
-19822771.887326,-1610106.185547
-19822958.625772,-1610130.219579
-19822981.167969,-1610130.196602
-19822989.227500,-1610116.456302
-19822994.481780,-1610079.738946
-19823041.569925,-1610083.553137
-19823059.748398,-1610085.023669
-19823078.149509,-1610082.507681
-19823202.382061,-1610087.918778
-19823293.151974,-1610086.838856
-19823306.888799,-1610085.138554
-19823312.599489,-1610084.426265
-19823376.875363,-1610076.453228
-19823504.714666,-1610070.685989
-19823589.350875,-1610067.216456
-19823760.281953,-1610058.588578
-19823875.608946,-1610062.035134
-19823944.348731,-1610069.054619
-19824250.599782,-1610063.011658
-19824318.159581,-1610054.383782
-19824387.233325,-1610026.696476
-19824391.162903,-1610024.869804
-19824464.611503,-1609990.737488
-19824490.292910,-1609979.685566
-19824517.165435,-1609968.645138
-19824569.118241,-1609959.086727
-19824624.944966,-1609957.891926
-19824691.536285,-1609963.567232
-19824753.708221,-1609966.967821
-19824805.349333,-1609958.339977
-19824842.541175,-1609932.077343
-19824874.701375,-1609918.084402
-19824907.395910,-1609900.449631
-19824938.932722,-1609848.958466
-19824978.785099,-1609818.778396
-19825029.535655,-1609812.230003
-19825066.760893,-1609801.534298
-19825085.306720,-1609785.530959
-19825112.680183,-1609758.602175
-19825161.204349,-1609731.788302
-19825243.680960,-1609701.045440
-19825294.264536,-1609683.204027
-19825306.743451,-1609656.757859
-19825330.666010,-1609624.062071
-19825367.067483,-1609600.269764
-19825426.345112,-1609578.683234
-19825471.062152,-1609571.123932
-19825512.673377,-1609566.689448
-19825591.520973,-1609569.101991
-19825670.747054,-1609583.450880
-19825677.570939,-1609584.691617
-19825784.760477,-1609597.960614
-19825891.315493,-1609621.339338
-19825961.201869,-1609649.232999
-19826026.346036,-1609698.345676
-19826080.380516,-1609752.042309
-19826112.707696,-1609769.091071
-19826224.717368,-1609793.538371
-19826269.412144,-1609804.406399
-19826295.382981,-1609813.918799
-19826308.362833,-1609826.808795
-19826341.558306,-1609839.595403
-19826369.466102,-1609838.297211
-19826397.451822,-1609823.615017
-19826408.695091,-1609809.392366
-19826454.937207,-1609814.504708
-19826475.219618,-1609819.444723
-19826501.212719,-1609833.483565
-19826524.077743,-1609840.238754
-19826534.541775,-1609840.928059
-19826638.057769,-1609891.373760
-19826666.043489,-1609903.781281
-19826688.296256,-1609913.638371
-19826795.775224,-1609942.428448
-19826877.917876,-1609960.350459
-19826881.246329,-1609964.796499
-19826920.809276,-1609969.437843
-19826920.553241,-1609963.900398
-19827004.053991,-1609970.138640
-19827070.934741,-1609976.710050
-19827133.340448,-1609980.581668
-19827151.908539,-1609983.040203
-19827156.172075,-1609985.291946
-19827216.618559,-1609979.639613
-19827230.522363,-1609975.813948
-19827252.474567,-1609971.930843
-19827314.501787,-1609965.922369
-19827315.692906,-1609972.114658
-19827331.322162,-1609971.230045
-19827329.195960,-1609948.505846
-19827360.610320,-1609946.437922
-19827375.248833,-1609946.656203
-19827405.549999,-1609939.946939
-19827445.691807,-1609930.032397
-19827489.173200,-1609919.302178
-19827516.802698,-1609911.421099
-19827526.543153,-1609899.415671
-19827551.623434,-1609898.956133
-19827662.419724,-1609872.796956
-19827682.880246,-1609863.835979
-19827694.223702,-1609861.147686
-19827700.045712,-1609861.446385
-19827705.121880,-1609863.686629
-19827710.643327,-1609870.108662
-19827717.066462,-1609874.141102
-19827725.871833,-1609873.842403
-19827740.699590,-1609869.545729
-19827742.892584,-1609868.913865
-19827759.312208,-1609862.790532
-19827765.290065,-1609854.886493
-19827769.620393,-1609849.061862
-19827778.125202,-1609843.087882
-19827833.517781,-1609816.365830
-19827893.118236,-1609811.092651
-19827938.748096,-1609806.347939
-19827945.460661,-1609805.647146
-19827972.166207,-1609800.236109
-19827992.003340,-1609799.477874
-19828071.040178,-1609796.456425
-19828073.834298,-1609795.629260
-19828172.040352,-1609766.494695
-19828223.815048,-1609762.014225
-19828248.360995,-1609758.165616
-19828258.301826,-1609756.614685
-19828264.224023,-1609755.684126
-19828389.848068,-1609764.874833
-19828419.236414,-1609767.034649
-19828548.311363,-1609776.478105
-19828621.570720,-1609782.773744
-19828711.416681,-1609790.172271
-19828791.232756,-1609784.186817
-19828824.506152,-1609775.455638
-19828881.646447,-1609766.414276
-19828884.240191,-1609765.667531
-19828944.141209,-1609748.561330
-19828977.414604,-1609746.435980
-19828993.700646,-1609751.157704
-19829005.734283,-1609738.417094
-19829015.174176,-1609719.771469
-19829056.662950,-1609710.661197
-19829139.495783,-1609706.513898
-19829188.899373,-1609711.350498
-19829229.152501,-1609720.414818
-19829247.141731,-1609723.723467
-19829278.533827,-1609732.270814
-19829316.148683,-1609735.453093
-19829347.529647,-1609739.680815
-19829383.753010,-1609780.924113
-19829414.788884,-1609807.623152
-19829440.692929,-1609850.750660
-19829449.854523,-1609882.975710
-19829444.466660,-1609913.132879
-19829443.464785,-1609949.849997
-19829447.950960,-1609966.129162
-19829455.899172,-1609978.421834
-19829465.172085,-1609978.398857
-19829471.784463,-1609972.964806
-19829497.031724,-1609982.408337
-19829508.686874,-1609971.161115
-19829524.505374,-1609964.072725
-19829578.684570,-1609945.576287
-19829631.305293,-1609929.147786
-19829697.039453,-1609923.346114
-19829792.384597,-1609918.716267
-19829818.333170,-1609916.418576
-19829912.119841,-1609908.135403
-19829936.031267,-1609894.854758
-19830012.997563,-1609881.631563
-19830082.672433,-1609871.900858
-19830087.737470,-1609872.785467
-19830129.471147,-1609880.034670
-19830185.097496,-1609899.599486
-19830198.778662,-1609903.356208
-19830229.213410,-1609911.708311
-19830240.879693,-1609932.318601
-19830264.379238,-1609936.385516
-19830270.156719,-1609935.340066
-19830287.889914,-1609932.134785
-19830311.088896,-1609924.793660
-19830357.687235,-1609893.200422
-19830369.609552,-1609890.201939
-19830372.459331,-1609884.090089
-19830361.750396,-1609874.807432
-19830369.453705,-1609855.380496
-19830401.446927,-1609836.907113
-19830404.864435,-1609837.113904
-19830457.340443,-1609840.273220
-19830527.716625,-1609798.179685
-19830559.442680,-1609754.730590
-19830608.890798,-1609644.821479
-19830669.793691,-1609588.184062
-19830689.897991,-1609578.085842
-19830702.632941,-1609572.020019
-19830744.388882,-1609552.145268
-19830761.810382,-1609540.404237
-19830786.389726,-1609523.849622
