#Wallis et Futuna
#Wallis 73590
##WGS 1984 EPSG:3857
#Source OpenStreetmap
#clockwise
-19611298.907451,-1492087.981348
-19611328.329193,-1492132.589388
-19611245.318248,-1492191.712307
-19611246.809930,-1492197.385552
-19611240.743017,-1492201.777742
-19611237.158530,-1492199.981977
-19611156.040017,-1492257.400774
-19611152.956467,-1492260.294594
-19611143.817137,-1492265.167191
-19611101.415543,-1492198.277715
-19610980.199749,-1492278.298044
-19611050.843098,-1492398.237464
-19611072.338892,-1492385.106555
-19611077.537512,-1492371.460938
-19611072.940017,-1492359.428095
-19611077.715623,-1492349.865877
-19611085.897606,-1492339.811826
-19611092.465456,-1492347.566828
-19611109.185643,-1492308.162751
-19611153.969474,-1492277.108489
-19611154.392488,-1492272.807791
-19611157.542830,-1492270.611690
-19611160.526192,-1492270.543062
-19611358.263004,-1492131.754416
-19611381.551041,-1492114.734725
-19611407.232448,-1492122.798489
-19611414.278972,-1492125.486410
-19611423.206795,-1492127.270733
-19611433.359132,-1492127.224981
-19611443.979012,-1492125.452097
-19611548.318770,-1492224.813876
-19611576.226567,-1492251.189931
-19611609.666942,-1492274.580685
-19611626.008643,-1492285.927209
-19611632.498569,-1492288.763841
-19611636.606259,-1492289.736074
-19611640.936587,-1492290.102091
-19611644.810505,-1492289.507313
-19611652.803245,-1492286.293226
-19611664.591979,-1492279.361780
-19611734.188924,-1492221.405351
-19611740.378288,-1492220.730509
-19611746.701235,-1492222.251763
-19611803.440779,-1492265.327323
-19611811.199748,-1492271.892749
-19611861.438234,-1492317.278871
-19611894.065977,-1492361.521260
-19611967.069299,-1492476.622720
-19612010.662012,-1492544.690994
-19612178.320297,-1492838.046464
-19612242.829942,-1492902.009281
-19612274.934483,-1492933.842046
-19612319.974349,-1492978.382815
-19612390.918260,-1493133.052163
-19612405.178287,-1493153.275227
-19612443.082574,-1493282.632266
-19612448.971375,-1493295.157363
-19612461.984623,-1493327.082087
-19612501.870397,-1493311.480032
-19612554.157161,-1493439.144909
-19612555.236961,-1493459.242373
-19612515.451375,-1493478.779363
-19612531.036103,-1493531.888476
-19612565.567409,-1493540.867735
-19612584.937001,-1493560.679308
-19612593.864824,-1493581.749137
-19612606.744489,-1493601.080319
-19612615.082319,-1493630.900696
-19612619.768869,-1493685.188277
-19612623.097322,-1493744.417452
-19612622.885815,-1493747.174163
-19612620.848668,-1493773.917701
-19612606.744489,-1493797.092405
-19612596.480832,-1493830.356031
-19612574.918246,-1493857.671584
-19612550.940028,-1493866.593755
-19612525.748427,-1493872.576187
-19612522.130544,-1493873.502720
-19612387.333773,-1493908.287785
-19612323.380725,-1493987.832619
-19612303.265293,-1494140.711706
-19612240.547892,-1494172.111219
-19612259.383150,-1494218.358362
-19612290.942225,-1494316.515118
-19612249.264208,-1494477.266004
-19612242.462587,-1494632.046663
-19612343.262386,-1494739.298923
-19612462.518957,-1494793.771699
-19612508.048628,-1494794.881288
-19612624.778246,-1494727.093466
-19612726.524261,-1494657.887373
-19612781.148735,-1494620.722057
-19612785.289820,-1494617.976698
-19612821.179224,-1494603.380547
-19612907.975031,-1494618.480014
-19612952.191133,-1494655.691083
-19612959.560483,-1494661.845271
-19612993.112178,-1494690.042447
-19613070.601675,-1494804.993424
-19613085.496223,-1494835.364172
-19613106.335232,-1494877.357076
-19613107.782385,-1494904.422000
-19613110.710088,-1494955.211700
-19613104.565252,-1494972.278891
-19613084.639063,-1495027.804528
-19613068.364153,-1495071.673749
-19613044.486123,-1495094.952491
-19613010.734053,-1495127.977451
-19612968.154348,-1495187.804550
-19612964.681180,-1495188.433707
-19612939.433919,-1495193.089474
-19612924.639559,-1495195.834889
-19612911.715366,-1495209.138719
-19612894.850463,-1495214.915534
-19612869.836973,-1495215.121440
-19612836.930932,-1495251.738470
-19612802.789244,-1495268.554179
-19612765.107597,-1495304.862419
-19612764.294964,-1495365.879587
-19612769.994522,-1495425.444095
-19612836.263015,-1495445.211258
-19612898.524006,-1495478.351029
-19612959.449164,-1495471.990752
-19613000.114174,-1495517.084689
-19613011.669137,-1495579.440733
-19613041.458232,-1495641.373659
-19613074.698232,-1495694.921615
-19613142.981608,-1495888.122950
-19613190.604086,-1496078.511492
-19613227.506497,-1496172.819683
-19613243.191414,-1496235.325919
-19613244.705359,-1496254.681832
-19613246.876089,-1496282.617517
-19613235.510369,-1496321.970046
-19613251.495848,-1496340.742594
-19613251.640563,-1496381.708206
-19613242.679344,-1496415.123652
-19613212.222331,-1496443.791643
-19613174.095406,-1496445.484726
-19613151.018875,-1496542.676993
-19613135.423015,-1496604.245999
-19613103.184890,-1496642.237645
-19613088.702224,-1496659.305875
-19613065.113624,-1496661.593843
-19613050.586431,-1496648.449473
-19613030.593450,-1496639.480647
-19613013.695151,-1496643.782022
-19613008.841622,-1496656.205680
-19613004.678273,-1496685.811988
-19612992.466525,-1496710.121674
-19613004.678273,-1496728.253853
-19613019.906779,-1496743.937912
-19613024.893892,-1496761.475240
-19613054.504877,-1496783.840211
-19613071.347516,-1496786.379866
-19613081.477589,-1496795.394500
-19613098.220041,-1496806.891594
-19613103.641300,-1496823.754007
-19613096.461193,-1496840.307553
-19613113.303832,-1496867.740473
-19613127.163108,-1496870.337335
-19613141.334080,-1496865.383849
-19613154.625627,-1496864.605934
-19613272.379384,-1496993.671423
-19613299.251909,-1497023.117933
-19613308.157468,-1497032.887683
-19613362.470248,-1497111.331809
-19613365.242103,-1497172.982161
-19613373.245975,-1497220.607123
-19613333.950194,-1497223.833222
-19613335.330556,-1497268.975773
-19613364.318152,-1497266.504714
-19613358.318031,-1497308.810189
-19613329.263644,-1497351.927976
-19613314.280040,-1497363.482502
-19613264.442304,-1497350.223398
-19613230.823818,-1497368.172955
-19613225.391427,-1497376.592891
-19613227.962907,-1497390.298173
-19613264.865318,-1497387.220776
-19613287.641286,-1497406.119889
-19613285.103202,-1497435.555397
-19613259.299344,-1497493.740097
-19613362.225345,-1497516.323023
-19613420.734869,-1497584.907050
-19613425.577267,-1497610.979321
-19613422.549377,-1497641.524750
-19613412.419304,-1497661.316376
-19613359.453490,-1497686.462058
-19613317.352458,-1497698.462894
-19613273.269940,-1497685.352353
-19613165.111923,-1497618.472672
-19613146.577228,-1497615.086363
-19613008.262760,-1497589.689062
-19612849.320791,-1497611.185245
-19612833.168333,-1497638.390124
-19612863.280255,-1497654.520868
-19612931.318728,-1497692.308032
-19613038.708641,-1497758.329869
-19613072.694482,-1497785.466251
-19613097.084582,-1497817.487674
-19613115.307583,-1497860.629136
-19613121.686189,-1497875.638856
-19613135.846029,-1497958.833127
-19613139.363725,-1497979.139797
-19613138.473169,-1497988.692517
-19613136.079800,-1497998.096516
-19613133.096437,-1498004.674741
-19613125.181621,-1498016.458347
-19613121.897696,-1498027.063598
-19613120.561863,-1498040.494633
-19613121.752981,-1498053.639664
-19613123.845788,-1498065.583457
-19613125.482184,-1498079.163236
-19613125.927462,-1498088.567265
-19613125.927462,-1498098.280190
-19613124.135218,-1498116.035744
-19613119.148105,-1498131.114246
-19613102.060563,-1498129.729953
-19613098.197777,-1498147.176635
-19613109.752740,-1498153.388801
-19613078.650074,-1498250.724354
-19613054.126390,-1498252.223059
-19613042.727275,-1498267.793577
-19613039.677121,-1498286.498802
-19613055.083738,-1498300.318941
-19613044.174428,-1498331.162586
-19613027.754803,-1498357.613098
-19613000.559451,-1498388.628415
-19612961.330463,-1498429.436891
-19612905.436947,-1498468.815355
-19612845.224234,-1498503.182891
-19612772.321100,-1498533.340326
-19612728.027074,-1498518.547620
-19612680.337804,-1498505.150674
-19612624.867302,-1498483.871168
-19612579.493478,-1498454.445984
-19612534.186445,-1498411.315037
-19612423.913357,-1498414.163737
-19612325.607115,-1498412.767988
-19612289.328093,-1498435.546155
-19612245.334630,-1498429.734346
-19612228.558783,-1498456.001903
-19612200.940417,-1498479.752555
-19612169.270022,-1498483.276257
-19612081.828562,-1498553.224115
-19611965.199132,-1498615.438273
-19611902.971536,-1498658.317844
-19611829.634256,-1498733.734796
-19611784.906084,-1498745.381425
-19611753.714363,-1498781.774313
-19611742.693733,-1498794.645119
-19611739.287357,-1498847.135189
-19611781.744611,-1498952.538936
-19611796.728214,-1499013.518386
-19611807.036399,-1499068.537295
-19611833.630625,-1499178.564001
-19611850.974202,-1499202.750029
-19611887.932273,-1499225.128415
-19611932.048187,-1499237.347296
-19611974.984115,-1499239.109195
-19611993.095796,-1499259.119342
-19612070.997176,-1499288.682674
-19612121.769995,-1499313.166261
-19612143.098810,-1499308.818707
-19612164.472152,-1499298.510429
-19612191.689767,-1499294.597632
-19612221.768294,-1499299.071034
-19612234.480980,-1499322.261805
-19612278.285199,-1499351.436212
-19612370.313022,-1499400.289110
-19612406.736760,-1499443.227104
-19612428.455192,-1499471.017278
-19612437.171509,-1499486.256693
-19612472.370732,-1499538.256112
-19612504.018863,-1499583.082093
-19612519.915286,-1499606.582011
-19612545.785936,-1499620.723159
-19612566.480229,-1499637.347026
-19612582.209673,-1499649.829234
-19612601.590396,-1499655.160775
-19612627.550102,-1499648.593598
-19612650.003243,-1499646.797350
-19612672.634496,-1499661.933892
-19612691.759184,-1499668.718453
-19612739.504114,-1499673.626677
-19612766.710597,-1499657.128640
-19612801.698313,-1499667.757402
-19612856.834857,-1499629.727276
-19612894.327261,-1499622.370672
-19612917.348132,-1499578.116679
-19612918.750758,-1499575.611091
-19612990.529565,-1499573.643232
-19613068.453209,-1499539.846415
-19613096.706096,-1499526.883734
-19613146.566096,-1499513.749443
-19613202.103390,-1499460.239858
-19613218.879237,-1499405.071436
-19613238.471467,-1499380.450476
-19613259.065573,-1499343.553398
-19613290.479933,-1499304.745735
-19613318.888667,-1499279.598582
-19613333.360201,-1499266.819077
-19613363.772686,-1499247.358088
-19613385.435459,-1499233.514594
-19613400.330007,-1499174.594017
-19613452.549980,-1499133.898849
-19613561.119879,-1499128.041130
-19613657.411239,-1499143.005775
-19613668.365077,-1499144.699023
-19613709.764795,-1499160.292925
-19613715.486617,-1499162.443809
-19613985.992980,-1499118.488015
-19614014.190207,-1499031.777924
-19614060.098365,-1498955.593626
-19614090.889336,-1498947.447788
-19614123.928961,-1498928.513299
-19614162.634748,-1498921.511546
-19614160.530809,-1498931.018829
-19614155.332189,-1498939.759583
-19614149.243013,-1498946.418117
-19614146.426630,-1498962.789881
-19614128.359477,-1498973.521343
-19614121.791627,-1498986.781226
-19614147.550957,-1498998.073297
-19614175.091399,-1499000.876294
-19614184.809590,-1498992.146961
-19614190.453489,-1498978.875635
-19614191.811586,-1498946.738459
-19614171.629363,-1498933.398510
-19614173.900280,-1498922.495452
-19614255.408411,-1498941.784601
-19614302.017882,-1498966.839921
-19614352.913153,-1499000.830530
-19614371.681620,-1499017.248090
-19614389.771037,-1499022.030349
-19614401.882597,-1499015.715021
-19614427.007407,-1499034.935590
-19614384.004687,-1499086.144742
-19614406.290849,-1499103.740759
-19614449.260173,-1499059.064287
-19614561.960025,-1499224.224584
-19614566.446201,-1499240.356254
-19614567.637319,-1499251.099264
-19614572.713488,-1499271.109420
-19614580.773019,-1499287.229676
-19614588.531988,-1499304.242334
-19614602.869938,-1499324.549993
-19614622.573488,-1499349.926006
-19614646.907929,-1499381.434398
-19614663.772831,-1499398.000917
-19614674.381579,-1499406.215534
-19614679.001338,-1499407.702860
-19614685.123910,-1499407.851593
-19614697.224338,-1499402.634509
-19614704.538029,-1499402.485777
-19614708.122517,-1499403.824370
-19614725.499489,-1499426.946583
-19614731.633193,-1499435.687494
-19614747.685464,-1499451.453176
-19614767.088451,-1499477.424238
-19614810.848143,-1499548.347100
-19614860.763802,-1499609.213454
-19614885.799556,-1499646.991848
-19614867.420708,-1499659.336768
-19614885.588049,-1499687.344539
-19614902.452952,-1499679.873509
-19614909.443816,-1499699.392008
-19614904.679342,-1499716.267627
-19614891.287607,-1499736.426854
-19614897.877721,-1499752.821968
-19614869.892001,-1499764.308851
-19614873.331773,-1499805.714298
-19614892.233822,-1499837.875356
-19614916.412416,-1499845.232017
-19614934.045423,-1499865.299809
-19614956.320453,-1499866.089249
-19615004.655376,-1499920.411944
-19615049.572791,-1499993.120773
-19615116.219770,-1500000.260092
-19615166.413728,-1499999.150294
-19615215.394304,-1499998.063378
-19615233.940131,-1499957.046644
-19615264.040922,-1499951.715045
-19615273.569870,-1499950.033189
-19615433.914465,-1499918.249560
-19615460.519823,-1499904.954907
-19615461.410379,-1499873.514565
-19615464.249026,-1499855.872292
-19615468.278791,-1499832.097575
-19615494.806226,-1499805.679975
-19615515.233353,-1499785.440609
-19615578.351504,-1499748.645961
-19615636.861028,-1499714.551462
-19615685.708021,-1499668.352338
-19615723.790419,-1499683.557539
-19615742.681336,-1499679.759098
-19615760.793017,-1499653.089940
-19615812.534317,-1499603.195459
-19615837.080264,-1499586.537289
-19615851.974812,-1499586.445761
-19615873.114384,-1499594.500259
-19615891.393044,-1499579.741308
-19615898.061082,-1499581.343054
-19615910.094718,-1499588.184800
-19615928.818657,-1499584.123228
-19615961.869414,-1499599.820348
-19616015.002207,-1499628.686139
-19616053.284979,-1499657.288815
-19616082.484082,-1499674.187290
-19616124.195495,-1499698.236458
-19616155.765703,-1499728.395196
-19616170.760438,-1499744.412749
-19616184.463867,-1499750.739685
-19616206.182300,-1499747.753554
-19616213.017317,-1499738.440489
-19616216.980291,-1499719.711398
-19616234.579902,-1499690.410751
-19616237.162514,-1499673.512266
-19616233.923117,-1499664.382283
-19616224.193794,-1499660.618168
-19616214.008060,-1499661.647865
-19616205.358536,-1499647.243552
-19616201.551409,-1499630.173477
-19616197.644095,-1499620.208311
-19616187.191195,-1499620.620189
-19616175.502648,-1499639.189038
-19616167.131423,-1499655.263744
-19616150.344443,-1499636.832178
-19616138.555709,-1499635.001607
-19616131.798616,-1499627.828059
-19616134.492548,-1499620.013813
-19616154.864015,-1499590.404363
-19616182.682756,-1499564.536164
-19616216.546145,-1499528.554123
-19616231.039942,-1499516.243585
-19616237.451945,-1499515.351185
-19616244.320358,-1499516.689784
-19616248.951248,-1499523.108196
-19616256.264939,-1499539.228600
-19616264.480317,-1499545.647017
-19616270.001764,-1499546.699592
-19616275.812642,-1499545.418196
-19616295.082045,-1499531.620317
-19616303.887417,-1499519.675890
-19616308.651891,-1499509.367534
-19616310.310552,-1499505.935229
-19616309.865274,-1499495.935785
-19616306.870779,-1499486.828743
-19616298.065408,-1499477.424238
-19616296.128449,-1499464.736170
-19616297.419755,-1499451.178592
-19616327.320170,-1499416.283591
-19616334.077263,-1499409.910968
-19616365.102005,-1499381.011083
-19616408.650190,-1499373.974892
-19616426.049426,-1499375.999942
-19616438.572869,-1499395.483903
-19616443.303947,-1499429.989885
-19616462.517692,-1499472.847838
-19616445.953351,-1499508.738278
-19616463.241268,-1499544.502914
-19616457.508314,-1499567.201926
-19616467.560464,-1499587.669953
-19616498.696526,-1499589.740782
-19616529.376178,-1499592.097638
-19616568.226680,-1499578.528557
-19616566.879714,-1499558.849969
-19616583.299339,-1499545.772868
-19616595.132601,-1499520.442439
-19616591.370002,-1499479.803966
-19616572.033807,-1499445.561066
-19616560.156017,-1499375.153311
-19616542.701121,-1499270.708988
-19616549.625193,-1499125.787281
-19616568.549507,-1499109.667119
-19616625.700933,-1499081.865868
-19616669.672132,-1499062.370687
-19616814.454262,-1499007.511961
-19617137.637007,-1498883.356598
-19617145.151073,-1498871.561181
-19617130.423504,-1498848.679689
-19617004.098146,-1498896.570675
-19616861.753913,-1498954.277936
-19616597.592762,-1499053.012089
-19616561.046573,-1499037.624182
-19616549.992547,-1499007.878067
-19616564.486345,-1498967.228908
-19616570.018924,-1498951.703759
-19616547.743894,-1498897.897803
-19616540.307752,-1498824.585497
-19616533.394811,-1498742.246674
-19616519.246104,-1498699.115278
-19616512.678254,-1498668.408511
-19616504.429480,-1498661.624196
-19616459.022260,-1498624.316215
-19616436.179500,-1498577.032054
-19616423.967752,-1498555.260545
-19616422.375883,-1498520.195067
-19616393.154517,-1498489.385533
-19616364.656727,-1498464.731066
-19616363.543532,-1498463.770057
-19616354.192695,-1498459.651448
-19616322.956446,-1498445.888433
-19616331.004845,-1498427.755128
-19616359.279996,-1498415.742534
-19616349.995950,-1498361.514322
-19616340.300023,-1498353.780518
-19616339.910404,-1498343.323869
-19616356.563800,-1498346.813232
-19616380.408435,-1498313.017915
-19616378.259969,-1498299.174889
-19616380.196928,-1498282.906483
-19616395.815053,-1498266.271990
-19616435.222152,-1498240.999936
-19616462.684671,-1498215.910952
-19616460.358093,-1498188.797029
-19616462.295053,-1498166.339398
-19616464.232012,-1498148.904144
-19616477.011489,-1498139.225523
-19616511.865622,-1498108.633782
-19616516.518777,-1498063.318254
-19616549.680853,-1497988.166260
-19616568.015173,-1497946.614811
-19616615.270297,-1497944.418260
-19616622.628515,-1497898.725470
-19616613.722956,-1497855.732674
-19616579.636928,-1497827.852602
-19616599.396137,-1497813.906856
-19616593.585260,-1497785.637856
-19616574.215669,-1497784.470945
-19616578.479205,-1497732.577787
-19616596.334851,-1497683.613433
-19616616.428019,-1497602.067383
-19616722.849453,-1497387.872864
-19616726.812427,-1497377.050496
-19616718.285354,-1497349.559871
-19616726.033190,-1497342.970362
-19616748.887082,-1497376.284008
-19616767.221402,-1497361.102956
-19616792.613378,-1497322.115033
-19616818.907041,-1497310.331723
-19616851.467992,-1497333.944110
-19616934.968742,-1497310.331723
-19616947.536713,-1497305.915842
-19617066.448193,-1497264.079416
-19617132.638762,-1497202.428861
-19617288.152091,-1497138.124355
-19617299.406491,-1497094.800980
-19617312.531059,-1497042.039677
-19617301.120812,-1496982.174251
-19617271.543223,-1496881.331104
-19617250.915721,-1496830.160354
-19617260.121843,-1496777.433874
-19617274.871676,-1496737.039670
-19617285.447027,-1496728.059375
-19617346.283129,-1496733.642030
-19617351.392694,-1496714.308662
-19617340.171689,-1496707.570586
-19617330.787456,-1496709.183605
-19617323.406974,-1496715.269610
-19617284.623263,-1496711.105501
-19617277.409760,-1496709.343763
-19617272.756605,-1496700.043162
-19617271.955105,-1496685.297195
-19617273.079432,-1496669.109817
-19617279.647282,-1496666.696010
-19617333.993457,-1496668.789501
-19617341.841481,-1496677.918495
-19617356.201696,-1496681.613565
-19617365.407817,-1496682.574512
-19617370.406063,-1496679.337036
-19617376.818065,-1496666.833289
-19617377.931260,-1496649.147303
-19617331.611220,-1496652.407655
-19617267.279686,-1496650.497203
-19617254.678320,-1496587.006206
-19617245.060316,-1496561.678487
-19617223.898481,-1496554.620134
-19617221.972654,-1496537.632047
-19617230.800289,-1496519.671589
-19617219.735132,-1496498.839760
-19617227.427309,-1496467.746484
-19617245.171635,-1496465.881803
-19617256.938106,-1496416.873932
-19617257.472439,-1496369.032998
-19617295.020503,-1496348.418637
-19617336.153055,-1496328.753787
-19617374.814314,-1496328.467794
-19617426.956364,-1496344.792250
-19617439.190376,-1496386.501450
-19617453.706438,-1496422.319246
-19617444.633899,-1496430.018191
-19617428.770872,-1496423.669136
-19617420.154743,-1496434.102179
-19617426.956364,-1496447.704037
-19617414.254810,-1496461.752052
-19617400.662700,-1496477.172845
-19617406.551501,-1496486.690728
-19617423.783758,-1496480.799249
-19617458.493176,-1496538.673067
-19617466.574971,-1496536.396550
-19617472.697543,-1496526.432499
-19617461.142580,-1496506.023937
-19617444.132961,-1496478.374020
-19617441.639405,-1496462.507076
-19617462.044267,-1496442.327356
-19617479.042754,-1496477.458839
-19617500.583075,-1496507.522547
-19617513.729907,-1496502.626324
-19617514.408956,-1496491.975899
-19617519.618708,-1496479.735351
-19617528.012198,-1496487.205517
-19617533.889867,-1496493.337232
-19617563.367268,-1496481.096683
-19617621.854528,-1496495.144715
-19617625.472412,-1496531.866395
-19617599.635158,-1496539.130659
-19617601.783624,-1496567.650061
-19617675.354676,-1496529.761475
-19617675.799954,-1496518.722087
-19617651.320798,-1496510.565527
-19617651.320798,-1496484.265498
-19617641.168460,-1496473.306206
-19617597.642539,-1496463.330738
-19617562.732747,-1496464.245918
-19617544.153524,-1496466.510990
-19617529.637462,-1496462.426997
-19617515.421963,-1496463.239220
-19617500.460624,-1496466.865622
-19617483.228367,-1496446.010954
-19617467.365339,-1496405.662993
-19617456.478293,-1496373.917757
-19617448.507817,-1496355.671412
-19617449.520825,-1496351.930627
-19617453.261160,-1496352.273819
-19617456.667536,-1496361.002318
-19617471.896042,-1496367.580154
-19617502.720409,-1496398.410204
-19617554.762271,-1496426.231637
-19617593.568246,-1496429.331807
-19617618.503812,-1496422.525162
-19617626.663530,-1496440.211003
-19617644.341066,-1496430.235546
-19617659.558440,-1496437.385386
-19617669.532666,-1496411.543015
-19617696.282740,-1496402.013719
-19617709.885982,-1496418.795807
-19617743.882954,-1496419.699546
-19617767.749853,-1496419.127560
-19617813.580087,-1496407.241676
-19617856.861105,-1496373.277133
-19617923.964494,-1496329.760480
-19617948.443650,-1496259.028906
-19617981.839498,-1496240.862715
-19618028.003691,-1496247.920988
-19618030.897997,-1496351.141287
-19618049.811179,-1496353.074598
-19618049.811179,-1496418.143742
-19618054.954139,-1496572.031504
-19618059.829933,-1496792.157010
-19618070.149250,-1496916.188586
-19618067.544374,-1496954.009061
-19618017.673242,-1496984.839764
-19618011.773309,-1496989.369993
-19618052.360395,-1497074.391999
-19618090.832411,-1497056.442633
-19618085.110589,-1496888.526819
-19618077.062190,-1496684.256169
-19618068.902471,-1496550.959400
-19618063.603664,-1496429.045813
-19618076.104843,-1496415.581241
-19618074.490710,-1496401.155739
-19618071.607535,-1496351.781911
-19618097.311206,-1496346.679801
-19618092.179377,-1496279.357208
-19618097.945727,-1496272.298927
-19618098.780623,-1496272.012935
-19618120.944333,-1496264.428431
-19618291.819752,-1496205.960325
-19618369.453965,-1496165.349602
-19618396.927615,-1496063.834494
-19618393.643690,-1495984.706964
-19618402.593777,-1495908.267947
-19618365.869477,-1495785.556427
-19618380.507990,-1495753.605992
-19618367.973415,-1495733.667017
-19618344.073121,-1495695.676618
-19618355.127146,-1495666.117126
-19618378.715746,-1495649.701555
-19618417.532853,-1495653.282093
-19618522.629584,-1495690.906372
-19618676.395197,-1495750.917718
-19618750.277943,-1495782.456329
-19618774.334085,-1495792.717539
-19618785.143207,-1495795.851956
-19618835.871499,-1495810.540252
-19618863.334018,-1495809.945398
-19618896.184399,-1495795.611727
-19618942.760474,-1495734.101716
-19618960.371218,-1495709.621296
-19618975.299161,-1495681.548915
-19618995.013843,-1495660.351656
-19619013.826837,-1495648.706326
-19619030.547025,-1495639.154413
-19619049.649449,-1495633.777888
-19619081.297580,-1495628.401365
-19619118.021880,-1495631.089627
-19619149.080018,-1495634.967587
-19619202.825069,-1495642.140100
-19619259.252918,-1495649.003750
-19619284.633762,-1495658.853092
-19619303.747319,-1495669.903576
-19619330.619844,-1495692.599409
-19619353.306756,-1495708.420154
-19619388.839938,-1495733.804290
-19619404.669569,-1495738.574543
-19619416.313588,-1495739.180834
-19619439.000500,-1495729.320025
-19619452.436763,-1495715.295261
-19619471.550319,-1495699.760497
-19619489.762188,-1495686.628024
-19619529.169288,-1495676.778673
-19619573.964251,-1495657.663392
-19619637.405229,-1495625.038179
-19619676.077620,-1495611.676953
-19619729.032302,-1495612.294680
-19619739.629917,-1495570.952707
-19619753.711833,-1495542.411453
-19619780.294927,-1495525.412547
-19619787.352583,-1495472.013631
-19619811.909662,-1495378.291232
-19619850.125644,-1495329.319603
-19619871.621437,-1495311.405686
-19619885.959388,-1495276.767570
-19619896.701719,-1495240.939816
-19619877.599294,-1495215.853551
-19619887.150506,-1495135.836185
-19619925.366487,-1495066.571875
-19619962.391350,-1494975.802146
-19620019.720888,-1494923.250783
-19620063.391524,-1494803.197490
-19620081.826032,-1494741.712561
-19620079.432663,-1494627.059260
-19620071.072569,-1494538.670274
-19620045.992288,-1494446.712625
-19620026.889863,-1494437.904657
-19620007.776307,-1494438.053363
-19619982.696025,-1494446.712625
-19619961.166836,-1494364.158047
-19619941.095932,-1494320.175557
-19619920.390506,-1494306.551866
-19619903.269569,-1494267.865653
-19619910.438544,-1494188.445843
-19619889.388028,-1494116.484347
-19619858.185175,-1494061.543912
-19619858.585925,-1494018.877358
-19619869.094485,-1493957.016690
-19619884.846193,-1493891.930449
-19619894.063447,-1493875.012627
-19619914.512837,-1493877.906614
-19619935.552221,-1493875.424419
-19619947.129448,-1493877.368996
-19619958.706675,-1493870.963332
-19619928.483433,-1493856.985263
-19619907.210279,-1493842.423828
-19619923.006514,-1493805.454062
-19619973.990841,-1493726.424489
-19620028.080982,-1493659.645877
-19620017.928644,-1493574.554280
-19620012.551913,-1493529.463504
-19620006.585188,-1493485.276445
-19620032.544893,-1493363.753815
-19620038.188791,-1493288.660325
-19620052.259575,-1493246.418182
-19620081.325094,-1493207.024267
-19620101.885804,-1493178.359624
-19620104.813507,-1493122.837691
-19620120.876909,-1493079.840869
-19620144.966447,-1492991.033596
-19620154.417472,-1492950.885116
-19620175.612703,-1492909.032389
-19620153.070506,-1492911.102719
-19620132.910546,-1492908.391845
-19620115.399990,-1492857.457196
-19620105.759722,-1492837.977835
-19620101.507318,-1492823.336868
-19620115.678289,-1492811.052187
-19620102.130707,-1492804.509510
-19620075.057807,-1492809.633844
-19620038.823312,-1492806.900103
-19619949.934699,-1492789.079322
-19619890.345376,-1492771.841902
-19619826.236481,-1492737.630173
-19619711.577405,-1492668.360415
-19619620.818625,-1492645.667058
-19619540.791043,-1492642.075470
-19619493.023849,-1492591.919105
-19619404.636173,-1492554.893815
-19619416.580755,-1492535.185903
-19619401.652811,-1492535.780686
-19619362.835705,-1492565.645670
-19619336.564305,-1492599.079393
-19619273.112195,-1492605.336067
-19619174.138036,-1492575.196524
-19619106.066167,-1492535.185903
-19619074.540487,-1492508.031787
-19619051.386033,-1492476.702786
-19619017.333401,-1492440.466878
-19618993.789329,-1492429.486310
-19618766.864547,-1492327.973444
-19618621.236389,-1492249.039584
-19618531.935893,-1492215.411837
-19618498.840609,-1492225.866173
-19618393.254072,-1492229.594963
-19618365.045713,-1492221.462541
-19618243.662940,-1492236.880975
-19618106.439404,-1492191.048903
-19617981.149317,-1492170.369021
-19617976.473898,-1492144.542067
-19617897.904602,-1492101.867023
-19617733.919860,-1492070.755802
-19617626.173725,-1492010.157649
-19617594.781628,-1491990.736072
-19617567.742124,-1491965.824316
-19617512.427469,-1491927.370125
-19617480.935185,-1491751.124339
-19617452.214756,-1491681.376657
-19617401.119110,-1491610.325245
-19617308.612613,-1491603.416844
-19617276.051662,-1491581.742316
-19617241.319981,-1491504.949429
-19617240.507349,-1491423.707498
-19617206.855467,-1491376.115369
-19617201.111381,-1491354.784148
-19617169.930792,-1491346.571919
-19617189.022084,-1491316.193552
-19617184.825339,-1491233.705475
-19617174.962433,-1491139.322580
-19617187.574931,-1491072.950505
-19617204.718132,-1490992.052963
-19617259.376002,-1490774.626973
-19617233.115735,-1490667.126977
-19617220.659084,-1490550.008612
-19617180.405956,-1490460.260137
-19617155.982459,-1490403.714286
-19617167.515159,-1490328.766048
-19617158.442620,-1490146.869015
-19617180.606331,-1490032.806549
-19617178.791823,-1489901.474601
-19617293.439767,-1489806.444321
-19617388.005674,-1489713.507331
-19617444.388996,-1489655.659187
-19617472.742070,-1489602.443117
-19617479.020490,-1489513.326730
-19617417.572131,-1489442.246552
-19617376.428447,-1489377.399629
-19617348.064241,-1489334.202741
-19617345.648608,-1489126.053469
-19617351.804576,-1488989.602174
-19617404.636806,-1488892.676528
-19617394.384281,-1488802.910529
-19617373.868099,-1488728.538435
-19617389.252452,-1488631.076182
-19617377.029572,-1488589.961898
-19617309.748072,-1488579.783406
-19617262.459552,-1488542.889263
-19617197.938775,-1488427.952769
-19617130.846518,-1488324.807678
-19617080.429921,-1488229.176657
-19617052.221562,-1488120.176907
-19617072.481709,-1488061.908933
-19617064.399914,-1488024.386481
-19617037.115507,-1488012.950206
-19617043.894864,-1487952.166482
-19617053.145514,-1487897.032385
-19617088.044174,-1487883.652005
-19617030.013324,-1487742.209199
-19616907.383773,-1487484.119100
-19616921.376633,-1487368.180609
-19616911.112976,-1487311.766839
-19616888.036445,-1487287.396766
-19616892.812051,-1487190.911614
-19616821.433994,-1487071.154758
-19616776.371864,-1487004.712339
-19616722.860585,-1486786.860083
-19616724.051703,-1486699.799707
-19616793.515065,-1486629.046913
-19616823.537932,-1486613.036932
-19616836.361937,-1486585.465478
-19616808.498669,-1486540.671929
-19616772.264175,-1486471.760678
-19616711.995802,-1486428.156617
-19616677.208461,-1486363.465378
-19616573.503224,-1486226.993316
-19616522.329654,-1486139.957561
-19616521.873244,-1486099.601697
-19616500.555562,-1486075.564313
-19616473.170967,-1486068.142690
-19616446.142594,-1486082.368423
-19616414.394276,-1486081.911004
-19616366.115012,-1486063.099646
-19616003.758938,-1485685.102675
-19615933.093325,-1485565.466644
-19615931.223158,-1485258.019722
-19615916.339742,-1485241.656039
-19615898.372776,-1485226.710321
-19615802.036889,-1485234.417599
-19615714.584297,-1485231.410159
-19615658.523801,-1485225.097968
-19615600.470687,-1485197.607932
-19615485.288410,-1485136.876091
-19615324.932683,-1485064.023213
-19615175.809093,-1484992.840041
-19614922.635175,-1484871.994872
-19614888.604807,-1484870.474019
-19614844.021351,-1484855.471325
-19614778.743602,-1484839.793976
-19614624.955725,-1484796.409732
-19614611.775497,-1484778.788475
-19614596.903213,-1484763.865876
-19614594.888331,-1484752.099326
-19614599.697333,-1484660.985916
-19614602.602771,-1484595.441163
-19614602.569375,-1484543.115245
-19614583.177520,-1484544.121512
-19614582.598659,-1484596.218734
-19614581.808290,-1484661.077395
-19614577.611546,-1484732.431245
-19614574.071586,-1484750.750003
-19614568.505611,-1484758.788763
-19614553.755779,-1484761.030011
-19614547.722262,-1484769.606216
-19614516.864499,-1484775.540951
-19614477.746830,-1484780.915375
-19614436.636542,-1484781.727257
-19614402.572778,-1484780.503717
-19614382.179048,-1484777.953724
-19614362.943040,-1484769.537606
-19614346.946429,-1484754.992364
-19614335.146563,-1484746.278944
-19614321.710300,-1484744.986797
-19614310.188733,-1484747.822660
-19614288.091814,-1484773.562706
-19614245.278338,-1484798.536633
-19614205.470488,-1484815.620459
-19614062.302491,-1484913.675418
-19614045.259477,-1484936.488254
-19614003.214105,-1484971.433667
-19613939.316717,-1485012.085208
-19613859.990448,-1485065.395421
-19613805.410502,-1485112.576531
-19613751.865827,-1485143.062477
-19613711.200817,-1485155.961267
-19613708.139531,-1485173.228273
-19613701.126403,-1485186.710268
-19613688.647488,-1485202.639384
-19613659.504045,-1485235.606853
-19613637.785613,-1485257.287873
-19613626.653664,-1485266.287331
-19613563.969658,-1485298.191405
-19613513.297026,-1485342.857169
-19613484.910556,-1485372.417117
-19613472.587488,-1485374.486886
-19613464.427770,-1485381.611010
-19613430.041179,-1485408.609513
-19613402.244702,-1485424.618803
-19613391.468975,-1485419.564440
-19613393.550650,-1485402.766125
-19613382.630208,-1485394.601392
-19613362.670623,-1485393.274909
-19613346.262130,-1485397.425886
-19613302.836397,-1485387.808885
-19613290.145975,-1485396.899867
-19613285.169994,-1485416.671333
-19613273.748614,-1485422.297455
-19613256.149002,-1485423.532458
-19613234.998299,-1485411.102388
-19613211.910637,-1485401.839873
-19613173.817107,-1485407.900530
-19613140.198621,-1485413.012067
-19613124.179746,-1485429.307239
-19613114.995888,-1485438.638374
-19613098.743242,-1485453.298325
-19613093.800657,-1485468.587221
-19613071.692606,-1485512.544273
-19613046.645721,-1485550.017601
-19613031.350423,-1485570.475292
-19613001.316424,-1485596.879343
-19612976.993115,-1485610.155707
-19612909.756143,-1485670.797097
-19612886.946779,-1485693.850694
-19612869.391695,-1485727.241850
-19612892.178795,-1485741.924824
-19612872.041099,-1485781.479694
-19612857.781073,-1485822.143852
-19612844.823484,-1485874.872409
-19612835.027369,-1485963.028008
-19612795.731588,-1486025.705677
-19612786.169244,-1486046.198023
-19612779.478943,-1486126.635202
-19612821.635634,-1486144.165826
-19612818.652272,-1486250.413310
-19612814.188360,-1486283.313405
-19612805.794870,-1486318.477782
-19612789.954107,-1486357.050010
-19612773.011280,-1486382.985946
-19612719.956411,-1486435.967148
-19612671.977711,-1486471.703500
-19612636.132834,-1486509.178117
-19612595.545748,-1486542.352973
-19612574.996170,-1486553.011018
-19612531.993451,-1486604.894716
-19612441.679948,-1486733.077712
-19612413.571777,-1486792.006179
-19612402.684730,-1486783.623760
-19612394.391428,-1486788.003660
-19612359.893518,-1486838.229606
-19612339.043377,-1486868.603081
-19612313.651402,-1486866.784789
-19612302.775487,-1486874.492520
-19612305.458287,-1486906.592844
-19612284.841917,-1486981.577607
-19612281.914215,-1487049.232173
-19612272.852808,-1487163.476819
-19612279.710089,-1487180.985224
-19612279.064436,-1487214.320983
-19612259.193907,-1487257.926274
-19612259.249566,-1487280.455130
-19612238.677725,-1487366.922648
-19612218.161542,-1487572.737236
-19612207.252232,-1487647.117677
-19612216.870236,-1487654.814189
-19612202.131536,-1487722.767731
-19612168.680029,-1487805.233957
-19612098.916104,-1487881.021675
-19612089.843565,-1487868.556199
-19612071.063967,-1487861.717344
-19612058.373545,-1487873.050631
-19612056.325267,-1487886.202282
-19612067.212313,-1487900.486126
-19612072.199426,-1487909.326330
-19612064.941395,-1487915.902163
-19612050.892876,-1487909.543619
-19612037.968683,-1487907.736694
-19612027.315407,-1487908.411432
-19612016.205722,-1487912.722891
-19612020.513786,-1487930.632035
-19612029.586325,-1487943.326264
-19612017.118542,-1487969.172188
-19611957.540351,-1488016.769921
-19611902.860217,-1488139.664397
-19611849.638368,-1488267.259767
-19611790.650170,-1488362.147552
-19611745.476721,-1488428.353045
-19611731.661972,-1488444.855838
-19611686.221356,-1488505.537710
-19611627.789755,-1488542.957882
-19611556.389434,-1488546.972090
-19611402.100619,-1488567.329054
-19611299.519709,-1488591.688811
-19611178.971832,-1488573.733495
-19611069.077231,-1488596.389218
-19610965.472181,-1488653.240180
-19610889.184934,-1488734.908603
-19610847.495784,-1488803.916950
-19610794.229408,-1488858.972787
-19610749.311993,-1488923.864248
-19610764.930118,-1488965.573732
-19610723.107385,-1489084.744030
-19610708.357553,-1489152.072043
-19610696.179200,-1489255.940720
-19610651.295182,-1489320.055404
-19610622.942107,-1489645.766228
-19610594.088095,-1489747.486595
-19610560.503005,-1489819.928559
-19610524.646997,-1489859.992454
-19610499.811619,-1489841.841890
-19610439.520982,-1489875.878496
-19610402.974794,-1489849.092964
-19610372.551177,-1489860.347002
-19610386.967051,-1489894.932610
-19610367.630855,-1490025.235187
-19610355.574954,-1490043.077069
-19610328.969596,-1490049.058677
-19610298.957861,-1490056.652919
-19610288.749864,-1490079.733023
-19610293.191512,-1490107.742551
-19610308.664921,-1490157.311135
-19610319.006502,-1490169.834822
-19610316.512945,-1490178.893054
-19610319.874794,-1490187.162124
-19610333.689543,-1490202.831047
-19610361.875638,-1490246.395275
-19610376.625470,-1490275.731686
-19610393.657352,-1490326.981841
-19610415.075222,-1490411.720366
-19610424.069837,-1490451.133189
-19610452.801398,-1490509.291796
-19610465.981625,-1490537.164509
-19610475.889060,-1490546.760415
-19610474.486434,-1490584.949635
-19610487.388363,-1490608.270362
-19610532.083139,-1490627.679535
-19610612.455811,-1490751.832227
-19610808.867921,-1491048.645761
-19610802.155356,-1491065.699111
-19610826.846019,-1491074.654697
-19610878.208832,-1491169.895191
-19610865.362562,-1491189.007380
-19610871.941544,-1491214.684757
-19610902.387425,-1491226.328226
-19610938.967010,-1491331.805924
-19610982.559722,-1491431.233490
-19611019.729300,-1491485.505330
-19611012.571457,-1491496.542714
-19611026.308282,-1491520.436092
-19611042.427345,-1491519.532512
-19611049.885750,-1491532.674450
-19611215.005951,-1491818.115678
-19611200.723660,-1491827.940783
-19611213.814833,-1491853.058296
-19611212.256360,-1491867.515746
-19611203.016842,-1491871.473245
-19611221.451350,-1491963.193599
-19611249.437070,-1492013.932162
-19611298.907451,-1492087.981348
